1 136 309 310 66
2 311 144 143 252
3 311 143 144 17
4 311 251 144 252
5 311 9 251 252
6 311 250 251 10
7 312 286 174 134
8 286 174 246 312
9 312 133 134 174
10 312 286 245 246
11 312 245 286 134
12 312 78 245 67
13 312 78 67 68
14 313 314 263 219
15 313 103 314 219
16 181 180 290 313
17 65 137 310 136
18 180 148 313 181
19 267 152 223 268
20 151 152 223 267
21 152 315 267 151
22 79 310 80 243
23 315 284 267 151
24 315 284 268 267
25 268 315 267 152
26 28 106 107 35
27 106 107 35 316
28 66 310 80 79
29 33 223 35 107
30 223 35 107 316
31 65 310 80 66
32 223 222 35 316
33 80 310 242 243
34 32 223 222 35
35 181 252 144 317
36 143 181 252 144
37 318 299 147 264
38 182 144 319 288
39 320 254 6 141
40 144 288 250 319
41 317 295 289 288
42 242 137 321 275
43 137 322 275 242
44 275 137 321 172
45 172 322 275 137
46 323 167 324 270
47 323 324 167 125
48 323 167 168 125
49 323 168 167 270
50 325 326 294 261
51 325 298 261 294
52 325 326 186 294
53 298 325 190 294
54 294 325 190 186
55 281 163 294 327
56 280 281 163 294
57 47 45 112 52
58 327 298 282 165
59 327 298 281 282
60 34 108 27 25
61 314 217 113 158
62 314 113 217 53
63 314 219 39 218
64 314 39 219 103
65 39 314 114 103
66 328 172 231 129
67 328 274 129 231
68 328 329 300 188
69 328 329 274 300
70 328 172 129 171
71 305 330 225 93
72 330 93 305 191
73 330 191 305 301
74 301 330 225 305
75 93 305 212 225
76 330 301 12 14
77 60 111 54 45
78 331 7 254 6
79 331 7 6 20
80 20 141 6 331
81 331 20 141 19
82 115 332 233 131
83 221 106 150 105
84 159 115 276 131
85 332 102 203 308
86 332 203 303 308
87 233 131 276 115
88 224 108 213 257
89 257 333 109 213
90 316 267 296 300
91 154 109 59 110
92 153 333 109 257
93 334 333 293 174
94 174 334 286 293
95 130 172 231 321
96 330 301 225 249
97 129 130 172 231
98 321 275 172 231
99 321 275 231 232
100 321 138 137 242
101 320 282 165 255
102 320 282 255 292
103 320 165 282 178
104 320 292 178 282
105 104 38 103 44
106 184 266 170 329
107 150 184 266 170
108 319 250 249 269
109 329 300 188 296
110 328 231 172 275
111 329 300 296 274
112 329 266 296 184
113 166 145 249 319
114 309 245 78 67
115 146 166 145 249
116 251 317 288 144
117 251 144 288 250
118 319 145 144 182
119 319 299 269 187
120 264 149 168 147
121 149 264 104 147
122 220 264 104 149
123 264 335 149 220
124 312 77 68 69
125 271 126 335 228
126 335 264 149 168
127 315 334 175 152
128 315 285 334 257
129 315 152 268 257
130 225 305 212 301
131 334 245 286 285
132 334 175 245 285
133 334 245 175 134
134 334 286 245 134
135 226 211 124 324
136 324 92 210 211
137 324 210 226 211
138 324 92 124 91
139 25 59 213 109
140 324 91 90 209
141 323 324 227 270
142 336 292 179 178
143 320 336 178 292
144 336 141 178 179
145 331 7 253 254
146 331 19 8 7
147 331 8 253 7
148 331 141 142 19
149 318 220 264 104
150 220 318 103 104
151 318 220 219 264
152 219 318 103 220
153 104 220 44 103
154 75 131 71 70
155 103 220 44 219
156 181 295 317 183
157 337 139 21 22
158 37 104 105 43
159 104 105 43 338
160 43 221 220 338
161 215 155 260 259
162 40 43 221 220
163 338 43 104 220
164 326 51 113 47
165 326 51 47 52
166 217 52 50 51
167 51 326 217 52
168 326 113 112 47
169 326 112 52 47
170 4 337 22 256
171 302 256 4 192
172 302 3 24 4
173 337 139 255 140
174 337 21 139 140
175 307 302 94 195
176 136 243 310 244
177 244 310 309 79
178 136 244 310 309
179 309 244 135 136
180 88 207 229 89
181 256 337 22 139
182 319 299 187 288
183 311 16 144 145
184 311 16 17 144
185 244 245 78 309
186 309 244 79 78
187 245 135 309 244
188 315 334 152 257
189 313 289 290 181
190 313 180 290 314
191 317 251 288 289
192 313 289 263 290
193 9 143 311 17
194 143 8 9 252
195 143 252 253 8
196 143 9 8 18
197 143 252 290 253
198 250 144 145 311
199 143 252 181 290
200 65 136 310 66
201 136 243 177 137
202 338 169 149 150
203 284 176 243 177
204 191 14 2 23
205 230 207 88 206
206 88 230 128 229
207 311 251 9 10
208 16 10 250 311
209 338 221 105 43
210 338 266 221 265
211 221 26 43 29
212 338 265 221 220
213 311 9 17 10
214 244 136 176 135
215 245 285 175 135
216 312 133 69 68
217 333 213 257 293
218 312 245 134 67
219 315 244 284 176
220 315 176 151 152
221 284 151 177 283
222 176 243 177 136
223 313 183 318 295
224 336 254 291 292
225 314 180 158 148
226 316 188 184 151
227 267 188 283 300
228 315 135 176 175
229 315 244 135 285
230 106 222 184 316
231 333 185 258 293
232 315 135 244 176
233 107 152 223 151
234 315 175 334 285
235 143 18 8 142
236 151 223 316 267
237 106 222 35 29
238 106 221 222 29
239 326 113 157 112
240 326 261 216 294
241 326 52 112 216
242 314 180 290 262
243 121 240 196 95
244 252 9 143 311
245 9 17 18 143
246 177 243 283 242
247 309 310 66 79
248 177 188 283 151
249 114 39 36 53
250 186 294 327 190
251 323 324 209 227
252 65 64 81 242
253 34 31 33 223
254 34 30 108 25
255 199 98 237 198
256 200 199 99 236
257 87 205 86 231
258 87 205 231 206
259 143 180 253 290
260 8 142 253 143
261 331 142 18 19
262 215 60 214 56
263 215 60 45 111
264 222 221 106 150
265 305 2 1 23
266 316 296 222 184
267 88 206 87 230
268 143 180 290 181
269 317 182 183 288
270 336 253 291 254
271 237 97 198 98
272 199 237 98 236
273 237 198 97 238
274 312 245 77 246
275 76 69 77 246
276 246 287 173 174
277 246 287 174 286
278 314 218 262 263
279 113 46 53 114
280 314 290 263 262
281 65 137 64 242
282 242 65 80 81
283 330 12 301 249
284 64 241 242 138
285 116 100 201 101
286 168 264 270 271
287 335 272 265 271
288 323 271 270 227
289 323 271 168 270
290 250 16 145 11
291 318 264 219 295
292 319 269 299 288
293 322 275 283 300
294 322 188 177 172
295 321 304 138 241
296 321 138 172 137
297 322 283 275 242
298 87 206 231 230
299 322 242 177 283
300 322 328 188 172
301 129 231 274 230
302 87 86 129 231
303 130 85 204 86
304 322 177 188 283
305 316 106 222 35
306 328 274 275 300
307 322 328 275 300
308 160 277 276 234
309 160 161 278 117
310 160 277 234 117
311 330 166 249 269
312 191 305 23 2
313 161 278 117 236
314 160 278 161 154
315 154 259 258 278
316 154 259 214 258
317 154 258 185 189
318 154 109 258 59
319 65 80 310 242
320 320 254 292 255
321 200 201 235 117
322 62 102 194 308
323 84 304 306 73
324 84 61 306 193
325 237 119 98 236
326 307 302 195 3
327 307 13 94 192
328 324 167 125 124
329 93 225 92 123
330 86 129 231 130
331 85 306 193 204
332 84 61 73 306
333 204 86 205 130
334 306 204 73 304
335 85 130 204 193
336 314 113 114 158
337 246 76 132 247
338 319 144 145 250
339 50 51 49 217
340 50 52 216 48
341 326 325 157 158
342 326 216 261 217
343 112 48 216 52
344 215 48 216 112
345 34 31 224 30
346 34 224 31 223
347 284 267 151 283
348 87 231 129 230
349 87 128 230 129
350 86 205 130 231
351 321 275 241 242
352 88 127 89 229
353 139 122 256 282
354 320 140 6 255
355 298 165 178 282
356 192 122 302 256
357 323 324 125 90
358 323 228 209 90
359 270 226 269 167
360 160 276 297 159
361 160 159 297 189
362 322 177 242 137
363 232 193 204 130
364 232 204 193 304
365 231 205 130 232
366 331 18 8 19
367 145 15 11 16
368 320 254 255 6
369 336 291 179 292
370 320 336 254 141
371 314 148 313 180
372 113 51 217 53
373 229 230 128 273
374 237 119 279 280
375 280 260 156 279
376 280 156 294 163
377 62 308 83 72
378 238 197 97 120
379 280 119 279 163
380 238 239 197 120
381 247 276 131 159
382 246 173 287 132
383 246 247 132 287
384 247 70 132 131
385 247 75 70 131
386 244 284 176 243
387 245 134 135 175
388 216 294 260 112
389 280 294 156 260
390 326 186 112 157
391 326 216 112 294
392 294 260 112 156
393 328 172 171 188
394 150 106 222 184
395 316 106 151 184
396 316 296 267 222
397 331 336 254 253
398 297 287 293 173
399 297 189 173 185
400 297 185 258 189
401 132 70 247 76
402 173 287 132 159
403 287 132 159 247
404 160 258 189 297
405 287 173 297 159
406 160 277 258 297
407 325 157 179 178
408 325 190 186 157
409 261 179 292 325
410 325 261 298 292
411 191 23 301 14
412 269 123 225 330
413 301 305 212 1
414 205 130 232 204
415 321 304 232 193
416 85 61 193 306
417 214 258 213 59
418 154 214 110 59
419 214 56 60 58
420 247 132 159 131
421 154 259 278 155
422 297 258 185 293
423 154 214 59 258
424 257 333 293 334
425 34 108 152 107
426 108 224 152 257
427 108 213 25 30
428 25 59 30 213
429 101 202 116 115
430 201 101 202 116
431 116 201 100 117
432 116 115 202 233
433 117 234 116 201
434 276 116 234 233
435 160 276 116 234
436 158 180 262 291
437 314 158 114 148
438 103 39 36 114
439 139 255 165 282
440 139 282 165 122
441 337 4 5 256
442 92 124 225 211
443 330 249 225 269
444 324 91 209 210
445 301 14 23 12
446 191 301 23 305
447 330 166 123 146
448 311 251 250 144
449 146 11 12 249
450 249 146 11 145
451 146 12 11 15
452 20 141 140 6
453 320 165 140 255
454 139 165 255 140
455 139 192 256 122
456 121 197 120 96
457 165 121 282 164
458 95 121 96 196
459 121 164 239 282
460 327 282 281 164
461 121 196 239 197
462 282 240 239 121
463 173 297 159 189
464 160 159 116 276
465 160 116 117 234
466 174 246 312 133
467 326 113 217 158
468 70 247 76 75
469 34 152 224 223
470 284 177 151 176
471 142 18 8 331
472 277 234 117 235
473 160 258 277 278
474 307 3 13 24
475 13 22 192 24
476 332 74 71 83
477 332 303 74 83
478 276 116 233 115
479 101 115 102 202
480 248 131 276 233
481 321 232 304 241
482 321 172 138 130
483 321 275 232 241
484 328 329 188 171
485 335 168 169 126
486 338 221 266 150
487 266 169 170 272
488 335 264 271 265
489 315 175 176 152
490 338 105 221 150
491 222 150 184 266
492 338 266 169 150
493 309 79 67 78
494 259 215 155 214
495 215 56 48 60
496 215 260 155 156
497 215 112 260 156
498 214 58 57 56
499 60 54 110 58
500 215 60 48 45
501 43 42 37 104
502 335 272 338 265
503 221 26 106 105
504 221 43 40 29
505 43 42 220 40
506 330 166 146 249
507 222 35 29 32
508 145 11 249 250
509 330 93 123 225
510 139 256 192 22
511 121 240 239 196
512 121 96 196 197
513 237 236 279 119
514 121 197 239 120
515 237 119 280 238
516 240 195 196 95
517 240 122 95 121
518 308 203 303 72
519 332 233 203 102
520 62 83 308 194
521 233 115 102 332
522 308 83 72 303
523 202 115 102 233
524 62 194 71 83
525 229 127 228 272
526 229 127 89 228
527 323 209 324 90
528 324 226 167 124
529 93 305 191 2
530 330 166 269 123
531 301 23 305 1
532 301 12 23 1
533 57 30 59 213
534 221 222 266 150
535 43 26 105 37
536 42 220 40 41
537 42 104 220 44
538 53 314 114 39
539 228 90 89 208
540 324 210 92 91
541 90 209 208 228
542 201 117 234 235
543 200 235 236 117
544 199 98 99 236
545 200 100 201 117
546 247 248 75 131
547 22 256 192 4
548 5 6 140 255
549 337 139 256 255
550 39 44 219 103
551 313 289 295 263
552 39 44 41 219
553 331 141 336 142
554 49 217 51 53
555 218 49 53 217
556 39 53 218 49
557 41 220 219 44
558 158 261 217 326
559 314 53 217 218
560 216 52 50 217
561 168 270 264 147
562 226 211 225 124
563 168 126 335 271
564 324 210 227 226
565 332 194 102 308
566 131 332 233 248
567 332 74 248 71
568 332 115 102 194
569 116 234 233 202
570 147 183 299 318
571 241 64 82 138
572 321 232 130 193
573 81 242 64 241
574 214 58 59 57
575 52 45 112 48
576 316 107 151 106
577 25 109 55 59
578 333 258 109 213
579 109 185 258 333
580 335 264 168 271
581 270 299 264 147
582 126 323 271 168
583 226 167 124 269
584 228 272 127 126
585 207 208 229 89
586 161 117 118 236
587 194 332 83 308
588 154 214 259 155
589 247 131 276 248
590 200 99 117 236
591 277 117 278 235
592 237 119 238 97
593 316 151 267 188
594 322 177 137 172
595 284 283 177 243
596 321 304 193 138
597 64 138 63 82
598 177 243 242 137
599 244 136 243 176
600 29 26 106 221
601 309 67 66 135
602 242 138 137 64
603 81 241 64 82
604 137 310 136 243
605 330 14 191 301
606 330 12 146 14
607 330 12 249 146
608 330 191 14 146
609 211 124 324 92
610 88 229 128 127
611 338 335 220 149
612 337 5 140 255
613 337 140 5 21
614 240 122 121 282
615 122 256 282 240
616 320 140 165 178
617 331 142 253 8
618 5 6 21 140
619 263 314 313 290
620 138 241 242 321
621 229 127 273 128
622 327 294 281 298
623 320 336 292 254
624 298 282 178 292
625 164 239 282 281
626 320 178 336 141
627 139 255 282 256
628 122 302 256 240
629 198 97 238 197
630 164 281 120 239
631 327 165 282 164
632 195 94 95 240
633 280 238 119 120
634 280 238 120 281
635 319 288 250 269
636 319 145 249 250
637 287 174 293 173
638 334 257 153 152
639 312 246 69 133
640 158 325 157 179
641 154 109 185 258
642 297 293 185 173
643 160 154 258 278
644 160 277 117 278
645 109 257 108 153
646 325 261 158 326
647 325 178 298 190
648 336 142 141 179
649 317 251 252 144
650 39 44 103 36
651 290 291 262 180
652 336 180 142 179
653 144 317 288 182
654 313 219 263 295
655 331 336 141 254
656 215 216 260 112
657 326 186 294 112
658 325 179 292 178
659 52 326 217 216
660 329 274 296 273
661 273 272 170 127
662 329 273 266 170
663 229 208 228 89
664 230 274 128 273
665 306 193 204 304
666 222 184 296 266
667 273 266 170 272
668 338 150 149 105
669 323 90 125 126
670 329 188 184 296
671 228 323 271 126
672 329 171 274 128
673 108 153 257 152
674 328 274 329 171
675 324 209 227 210
676 329 170 184 171
677 129 274 171 128
678 324 270 167 226
679 129 128 230 274
680 329 188 171 184
681 270 299 167 269
682 319 187 166 182
683 317 295 288 183
684 269 187 299 167
685 146 11 145 15
686 6 140 20 21
687 319 182 288 187
688 319 249 166 269
689 288 295 299 183
690 317 252 251 289
691 314 158 180 262
692 318 103 104 147
693 299 183 187 288
694 323 209 228 227
695 274 128 273 329
696 272 126 335 169
697 34 108 30 224
698 270 167 299 147
699 289 295 317 181
700 313 318 219 295
701 240 94 302 195
702 307 24 302 3
703 94 122 95 240
704 141 140 6 320
705 321 232 231 130
706 82 63 304 138
707 84 193 306 304
708 84 193 304 63
709 329 171 128 170
710 241 138 82 304
711 84 304 82 63
712 332 74 303 248
713 72 303 83 74
714 75 248 74 71
715 243 310 244 79
716 246 173 132 133
717 315 285 257 268
718 246 76 69 132
719 246 133 132 69
720 293 334 286 257
721 332 194 71 131
722 327 281 163 164
723 327 294 186 163
724 179 291 158 261
725 165 121 122 282
726 258 213 59 109
727 246 133 174 173
728 294 163 156 186
729 238 239 120 281
730 214 213 57 59
731 302 4 24 192
732 237 97 98 119
733 201 234 116 202
734 236 99 117 118
735 278 162 155 279
736 335 265 220 264
737 338 169 266 272
738 313 183 181 148
739 317 181 183 182
740 314 103 148 114
741 314 263 219 218
742 318 264 147 104
743 42 37 104 38
744 187 147 183 299
745 11 10 250 16
746 330 123 191 146
747 226 124 225 269
748 324 91 124 125
749 221 43 26 105
750 338 104 149 220
751 278 235 117 236
752 197 96 97 120
753 238 97 119 120
754 87 230 128 88
755 337 256 5 255
756 160 276 277 297
757 333 258 213 293
758 60 110 54 111
759 110 55 109 59
760 160 154 189 258
761 108 213 30 224
762 214 58 110 59
763 200 100 117 99
764 236 279 119 162
765 161 162 278 236
766 278 155 259 279
767 297 287 159 276
768 236 118 98 99
769 236 118 119 98
770 102 233 203 202
771 236 119 118 162
772 323 125 168 126
773 229 272 273 127
774 323 228 271 227
775 42 41 44 220
776 228 89 126 127
777 323 126 228 90
778 329 273 170 128
779 319 187 269 166
780 335 228 272 271
781 92 124 123 225
782 169 170 272 127
783 338 105 149 104
784 335 149 338 169
785 315 176 284 151
786 318 299 264 295
787 321 130 138 193
788 316 222 267 223
789 338 265 272 266
790 215 155 214 60
791 60 111 155 110
792 215 112 156 111
793 279 162 163 119
794 164 120 281 163
795 280 163 120 119
796 214 60 110 58
797 121 239 164 120
798 273 170 128 127
799 169 272 126 127
800 244 245 135 285
801 333 185 293 174
802 334 153 175 152
803 316 296 188 300
804 245 134 67 135
805 312 68 67 134
806 315 284 285 268
807 291 180 253 336
808 320 141 140 178
809 327 186 190 164
810 141 6 331 254
811 22 24 4 192
812 318 183 103 147
813 288 183 187 182
814 313 148 314 103
815 314 262 218 217
816 228 90 126 89
817 228 272 126 335
818 240 302 94 122
819 215 111 45 112
820 107 28 33 27
821 113 46 47 51
822 291 261 179 292
823 325 298 178 292
824 48 45 112 215
825 124 123 225 269
826 335 338 272 169
827 265 338 335 220
828 93 92 225 211
829 324 91 125 90
830 333 334 153 174
831 333 185 174 153
832 312 68 134 133
833 268 224 257 152
834 331 20 19 7
835 143 180 142 253
836 331 336 253 142
837 313 219 318 103
838 317 182 144 181
839 311 17 16 10
840 295 313 181 289
841 291 158 261 262
842 314 217 158 262
843 168 270 147 167
844 183 313 181 295
845 314 113 53 114
846 334 174 175 153
847 334 174 286 134
848 34 108 107 27
849 293 185 173 174
850 315 285 135 175
851 332 303 233 248
852 108 25 213 109
853 34 223 33 107
854 247 159 287 276
855 67 135 309 245
856 152 224 223 268
857 336 291 180 179
858 328 274 171 129
859 326 113 158 157
860 322 328 300 188
861 150 266 169 170
862 107 151 223 316
863 106 28 26 35
864 329 296 266 273
865 93 225 212 211
866 317 252 289 181
867 269 124 166 167
868 324 227 270 226
869 106 26 29 35
870 319 145 182 166
871 42 104 44 38
872 299 147 167 187
873 316 267 300 188
874 12 14 15 146
875 330 123 93 191
876 326 113 51 217
877 327 186 164 163
878 327 298 165 190
879 327 164 190 165
880 179 261 158 325
881 336 180 253 142
882 325 190 157 178
883 158 180 291 179
884 289 181 252 290
885 280 163 281 120
886 307 24 13 192
887 307 192 302 24
888 294 112 186 156
889 302 122 192 94
890 260 259 155 279
891 337 22 21 5
892 312 77 78 68
893 183 295 299 318
894 332 83 308 303
895 287 174 286 293
896 332 115 194 131
897 161 162 236 118
898 84 304 73 82
899 309 66 136 135
900 334 257 285 286
901 242 310 137 243
902 328 231 275 274
903 229 207 88 230
904 314 39 53 218
905 304 193 138 63
906 322 188 300 283
907 84 63 61 193
908 65 242 310 137
909 322 275 328 172
910 315 244 285 284
911 151 267 188 283
912 31 223 32 33
913 223 35 32 33
914 107 33 28 35
915 332 203 233 303
916 161 278 162 155
917 279 163 162 156
918 298 178 165 190
919 215 111 156 155
920 260 156 279 155
921 333 153 334 257
922 312 77 245 78
923 333 185 153 109
924 309 66 67 79
925 69 77 246 312
926 154 110 214 155
927 34 107 33 27
928 279 156 162 155
929 215 155 60 111
930 334 174 134 175
931 262 158 261 217
932 161 154 278 155
933 70 69 76 132
934 248 75 131 71
935 325 186 326 157
936 113 51 53 46
937 332 194 83 71
938 110 58 54 55
939 280 163 279 156
940 278 236 162 279
941 190 294 327 298
942 110 55 59 58
943 276 116 115 159
944 223 152 107 34
945 332 248 131 71
946 214 60 155 110
947 213 257 108 109
948 34 152 108 224
949 307 302 192 94
950 335 168 149 169
951 114 53 36 46
952 43 220 42 104
953 337 4 22 5
954 103 36 44 38
955 311 16 145 250
956 290 291 180 253
957 313 103 183 148
958 269 187 167 166
959 316 184 188 296
960 313 103 318 183
961 123 166 269 124
