61 454 455 178
454 62 178 61
454 62 61 375
177 374 456 63
457 458 459 460
331 263 236 235
457 459 461 462
461 457 458 459
331 457 360 330
457 262 462 330
262 263 236 331
457 462 460 459
345 277 222 221
53 463 464 465
466 340 370 341
464 53 181 52
465 53 181 464
467 416 468 463
469 274 284 285
465 464 467 463
470 471 472 123
50 463 473 468
463 51 468 50
463 416 468 447
463 51 464 447
295 474 264 460
295 475 401 460
476 378 347 377
460 459 401 477
460 477 474 264
478 479 285 392
264 235 263 332
460 459 462 475
460 462 296 475
480 481 429 482
480 482 477 474
480 481 483 484
480 483 481 474
485 486 250 251
480 477 482 487
481 204 399 400
481 483 488 292
481 482 400 429
480 474 481 482
480 482 134 487
480 483 474 489
473 468 386 446
473 468 446 50
54 50 463 473
38 57 453 50
57 453 50 473
482 401 474 400
481 400 482 474
482 430 429 106
480 134 482 429
480 490 487 134
480 489 474 477
464 120 452 187
119 417 121 464
464 416 120 119
121 465 464 467
464 181 465 121
458 164 461 491
136 461 164 491
75 164 458 165
458 165 362 75
459 491 136 477
164 458 165 491
166 165 362 458
135 477 136 165
473 492 54 49
460 295 263 264
493 448 19 494
19 495 448 493
494 493 309 313
494 188 315 309
494 7 315 28
494 493 22 19
494 19 28 448
458 264 460 457
477 264 460 458
496 461 457 458
334 266 233 232
460 296 295 475
460 401 459 475
491 459 461 458
332 458 457 264
473 218 316 453
495 497 498 485
495 497 499 498
493 497 19 495
495 485 493 497
495 445 497 449
495 500 445 444
495 500 444 414
495 500 414 486
501 351 502 322
458 489 362 363
458 363 166 477
491 459 458 477
496 458 164 461
194 409 303 410
503 504 505 506
458 477 166 165
458 75 361 164
473 492 280 507
476 463 53 465
492 476 347 508
492 507 279 280
465 476 463 508
477 401 460 474
482 430 400 429
205 293 399 292
474 204 294 293
481 474 293 204
474 400 401 294
481 474 483 293
323 255 244 243
489 266 334 483
509 439 438 143
489 332 333 264
489 364 490 334
489 490 364 363
480 489 487 490
489 363 333 362
474 477 489 264
233 266 334 489
489 265 333 233
480 489 490 483
476 510 53 46
511 147 442 146
476 377 465 510
476 508 377 347
493 250 485 486
497 25 512 485
493 19 497 25
494 309 315 313
513 485 250 318
485 380 318 513
26 21 9 314
513 249 314 382
513 382 26 381
495 500 486 498
493 250 513 485
495 493 485 486
494 28 315 450
499 514 183 17
499 512 18 184
499 512 184 151
499 149 498 151
497 150 514 445
445 497 150 495
499 498 149 500
463 492 476 54
463 492 507 508
473 386 468 507
464 447 452 416
463 507 473 468
473 492 310 280
468 50 51 37
468 447 37 51
513 512 485 380
499 512 151 498
512 18 184 27
512 27 383 23
348 380 318 485
512 151 498 348
512 380 383 348
515 388 470 516
515 470 417 467
515 470 467 471
515 517 470 471
515 417 470 388
363 73 166 487
489 363 487 490
487 166 477 135
165 477 166 135
487 73 166 167
482 430 431 401
482 134 487 135
465 471 467 121
465 510 182 53
464 452 447 56
465 510 180 182
514 20 29 17
495 500 498 499
514 449 451 20
180 510 384 186
476 465 53 510
510 378 377 384
476 465 377 508
518 436 141 437
389 282 283 516
419 470 123 418
519 516 517 472
515 467 387 507
516 419 520 390
516 283 520 521
516 520 522 521
523 524 290 525
397 523 291 398
291 397 206 207
523 526 427 426
523 527 525 291
523 488 398 427
523 528 527 488
199 405 298 299
529 299 300 504
529 197 198 406
405 299 198 530
506 260 328 329
503 518 531 504
503 505 504 531
530 532 298 506
530 533 435 434
530 434 532 533
532 534 297 535
532 534 536 433
532 433 536 434
197 529 407 406
530 299 506 298
298 405 404 532
511 155 154 146
530 532 434 405
537 527 525 528
527 484 538 483
527 292 483 267
527 525 268 336
527 483 335 267
527 335 538 336
539 287 540 541
209 394 288 395
394 288 395 539
539 542 424 423
539 540 288 543
539 544 395 424
539 545 540 543
546 319 547 485
485 498 546 348
88 348 349 546
546 547 320 548
546 349 87 350
498 546 149 500
503 533 530 506
546 549 548 153
546 149 500 549
504 506 299 260
504 259 550 327
504 328 506 260
504 550 531 327
505 551 329 359
529 552 518 550
553 518 554 550
554 550 518 552
553 554 518 159
501 511 154 555
390 283 284 520
390 284 391 520
213 390 284 391
520 522 420 419
520 521 284 469
520 478 391 420
520 521 469 556
472 519 455 517
472 522 177 557
472 124 522 419
472 455 178 471
550 552 301 300
505 506 504 328
504 328 327 531
558 559 560 561
558 341 559 561
558 562 469 342
558 559 341 273
558 469 274 342
457 458 361 496
496 462 536 535
496 462 535 330
457 496 330 462
496 461 163 536
299 405 198 199
77 360 496 551
502 322 563 564
501 153 555 154
501 548 153 351
501 565 511 555
501 548 321 566
501 322 564 321
540 559 340 466
540 543 567 339
540 559 272 340
540 271 543 339
547 485 251 486
547 308 486 251
547 566 307 252
547 320 566 252
511 555 147 154
511 568 155 146
352 154 85 351
502 154 511 155
502 568 511 563
521 556 456 469
516 519 517 282
503 140 161 160
521 519 283 276
521 469 275 284
546 547 319 320
443 500 444 148
497 514 449 445
569 500 414 443
495 414 415 486
546 149 549 152
148 500 444 149
445 149 444 500
91 445 149 444
519 277 517 282
521 343 456 344
472 471 517 455
519 517 277 345
519 517 345 455
519 344 557 345
463 468 467 507
99 141 100 436
460 263 295 296
515 508 281 517
507 515 508 281
515 281 507 387
266 265 489 233
467 507 386 387
470 467 471 417
121 417 122 471
469 274 342 343
468 416 467 386
520 420 556 478
556 478 421 570
556 469 478 570
509 571 572 573
574 509 573 575
576 509 158 157
554 509 158 571
509 575 144 157
554 509 571 572
500 414 486 547
546 152 549 153
569 547 548 566
414 569 547 500
497 18 499 512
549 555 548 153
554 142 518 159
571 356 355 81
576 325 571 573
571 326 572 325
576 157 158 82
81 571 82 355
401 475 431 459
462 297 534 535
460 462 263 296
462 535 330 262
473 49 50 57
302 577 408 301
492 279 507 508
507 387 217 386
507 508 279 281
507 218 386 217
473 386 453 446
529 552 550 300
531 79 161 505
503 529 518 504
503 160 518 141
80 531 79 160
503 161 140 533
531 79 160 161
505 531 358 328
578 524 526 579
578 543 580 545
546 319 485 349
318 485 250 319
314 21 9 312
513 250 314 249
495 493 486 415
512 23 380 24
497 18 512 25
497 150 495 499
380 513 381 318
513 382 314 26
513 318 382 381
493 513 21 25
456 522 557 177
556 176 125 522
556 175 562 570
456 562 64 373
456 562 176 64
456 562 343 469
575 440 568 581
575 568 156 582
575 568 440 145
576 571 82 158
576 158 509 571
575 582 156 157
524 289 579 544
523 291 525 290
523 524 526 426
290 397 396 524
409 303 410 574
578 544 524 579
578 583 579 526
511 147 146 154
523 397 524 426
540 567 542 466
540 559 541 287
559 560 466 542
559 561 466 560
559 340 466 341
559 541 287 286
149 444 92 91
558 559 273 286
578 579 580 543
578 580 171 545
579 543 338 580
579 337 525 583
579 543 270 338
579 525 337 269
539 540 287 288
540 272 559 287
543 544 289 288
543 338 580 339
539 544 543 288
578 544 543 545
539 540 542 541
540 340 339 567
517 508 278 346
515 467 507 508
467 508 515 471
517 508 281 278
497 25 20 17
569 500 443 549
569 547 566 307
485 349 318 348
485 319 318 349
486 308 309 250
495 415 449 448
546 486 547 500
461 536 433 138
459 431 461 475
491 136 165 164
264 458 489 332
461 475 431 432
461 163 536 138
534 200 201 403
534 296 475 201
462 297 535 262
534 475 403 201
461 534 475 432
532 404 534 433
534 475 432 403
462 535 534 536
457 496 462 461
573 257 572 302
573 325 572 257
573 256 584 324
571 573 325 572
576 354 324 582
553 531 357 80
574 409 577 438
553 531 80 160
550 572 326 258
509 575 439 144
573 572 577 302
554 572 550 552
572 577 302 301
550 572 301 552
553 554 571 572
502 582 568 563
568 585 440 441
511 585 441 565
502 155 568 156
575 568 145 156
540 541 559 542
466 560 173 542
466 567 67 370
466 567 173 67
563 304 585 305
563 585 564 305
563 255 584 304
563 564 322 254
563 584 255 323
568 563 584 581
511 568 585 563
569 565 442 413
565 585 305 564
565 585 412 305
543 339 580 567
580 567 339 369
578 526 426 131
578 171 580 583
580 69 583 171
580 583 69 368
579 583 580 338
462 534 296 475
535 298 506 261
496 536 551 535
535 533 551 506
568 563 581 585
575 440 581 439
409 302 303 574
585 412 441 565
565 306 564 305
575 568 582 584
305 412 411 585
569 565 306 566
511 565 442 555
511 568 146 441
568 440 585 581
585 411 581 440
72 365 538 490
490 72 168 538
538 72 168 71
490 335 538 483
527 525 291 268
527 484 483 488
461 534 433 536
551 359 77 360
505 78 359 358
532 536 534 535
496 360 330 551
505 78 162 551
551 78 162 77
505 329 551 506
511 585 568 441
193 305 411 304
194 304 410 303
304 410 303 581
502 582 84 156
576 573 509 575
568 584 563 582
574 575 584 581
477 459 431 136
304 411 410 581
524 544 425 396
580 545 567 172
578 579 583 580
524 525 579 290
544 545 425 424
289 395 288 544
209 289 395 288
208 289 396 395
289 396 395 544
537 525 337 583
578 524 544 425
579 337 583 338
501 566 565 555
569 549 443 555
549 443 555 148
511 147 555 442
501 511 565 564
569 565 566 555
411 585 412 441
502 582 323 353
574 573 302 303
554 552 518 437
574 303 581 584
397 290 291 523
195 302 409 408
574 439 509 575
577 552 437 408
539 540 545 542
541 422 479 560
541 286 211 287
211 541 479 286
559 541 286 479
539 541 423 394
287 394 393 541
574 302 573 577
532 533 535 506
503 531 160 161
553 356 80 357
333 332 489 362
504 550 518 531
459 461 462 475
505 551 533 506
78 359 551 505
535 551 533 536
535 329 551 330
535 551 329 506
285 391 284 478
213 285 391 284
556 126 570 421
516 283 521 519
516 519 521 522
520 522 521 556
478 421 479 392
558 559 286 479
558 478 479 285
556 478 420 421
367 170 70 366
578 583 170 171
539 545 543 544
579 583 525 526
523 527 528 525
539 544 424 545
583 69 368 367
523 488 527 291
537 526 525 583
548 350 153 351
523 526 524 525
527 488 292 291
578 426 524 425
580 583 368 338
517 455 346 345
470 122 123 118
283 390 389 516
521 522 557 456
456 176 522 177
472 522 124 177
516 419 472 522
520 556 420 522
557 177 374 456
556 469 570 562
556 562 175 176
376 346 508 471
471 346 508 517
472 455 519 557
470 472 471 517
574 581 303 410
472 178 455 557
454 345 557 374
296 402 295 475
62 177 63 374
454 455 178 557
501 566 555 548
569 566 548 555
501 555 153 548
547 548 566 320
501 564 566 321
548 566 320 321
553 550 327 531
552 518 437 436
529 300 299 198
552 529 407 197
552 301 300 197
574 575 581 439
301 408 407 552
536 162 138 163
569 413 443 414
566 564 253 321
566 253 564 306
547 308 251 307
547 320 252 251
575 581 568 584
574 509 438 577
563 585 304 581
502 563 323 582
563 581 304 584
83 576 82 157
511 564 563 585
582 584 323 324
576 584 582 324
582 354 353 83
502 84 352 155
502 155 156 84
479 570 422 421
547 307 251 252
392 285 286 479
541 479 422 393
479 211 286 392
393 211 541 479
476 379 347 378
476 47 378 46
473 316 218 280
465 471 121 179
517 455 471 346
346 455 471 376
516 520 419 522
508 220 346 347
492 310 279 317
492 49 310 48
508 347 279 220
521 556 522 456
556 175 570 126
562 469 342 343
64 456 63 176
558 561 562 342
562 561 65 372
562 561 175 65
456 562 373 343
481 292 488 399
527 483 292 488
490 538 484 483
482 430 106 135
481 488 483 484
481 293 483 292
474 294 265 293
474 266 483 293
487 134 166 135
480 483 490 484
363 487 477 489
566 307 252 306
479 422 570 560
570 560 174 561
570 560 422 127
558 560 570 561
558 469 562 570
556 456 176 522
570 561 174 175
521 519 276 344
540 543 271 288
545 172 542 567
539 423 541 542
578 131 170 526
578 579 543 544
539 545 424 542
579 290 525 269
578 425 544 545
558 560 479 570
560 173 542 128
466 173 560 174
570 560 127 174
560 542 423 128
559 466 561 341
79 358 505 531
541 423 560 542
558 478 570 479
558 274 469 285
541 560 423 422
466 560 561 174
543 580 545 567
558 570 478 469
542 173 567 172
545 542 129 424
540 545 542 567
466 567 542 173
466 561 66 174
559 479 560 541
540 559 466 542
469 343 275 274
532 534 404 200
496 551 330 535
534 297 200 532
538 168 484 528
523 526 525 528
484 528 428 488
484 528 168 133
487 167 166 134
527 538 335 483
527 488 528 484
526 132 427 131
489 364 334 363
527 538 484 528
480 481 484 429
394 210 209 288
523 528 427 526
528 428 488 427
484 528 133 428
528 132 526 169
451 514 185 445
25 493 485 497
10 185 90 451
473 492 49 310
57 38 453 35
1 26 314 382
312 513 314 21
513 249 382 318
497 20 19 449
10 451 11 29
514 185 183 16
10 16 185 29
452 120 31 187
445 514 185 150
3 381 4 24
1 3 26 382
215 214 389 283
215 389 388 282
204 203 400 294
481 204 293 399
193 192 411 305
193 304 411 410
510 186 180 182
463 507 467 508
384 180 59 377
39 58 317 42
464 452 120 416
461 433 432 137
468 447 446 37
240 327 259 239
240 326 258 327
229 338 270 228
229 337 269 338
324 325 256 242
324 243 256 255
578 426 425 130
335 231 336 267
335 266 334 232
361 76 164 75
508 346 220 278
346 221 278 277
203 202 401 295
509 572 577 573
533 536 139 434
530 299 198 529
259 328 239 327
579 289 543 544
503 161 505 531
394 287 288 539
270 339 228 338
492 385 279 347
488 427 428 398
317 310 42 48
473 57 311 49
49 310 41 311
519 277 282 276
214 283 390 389
215 389 282 283
203 401 400 294
474 204 400 294
294 295 474 264
135 431 477 482
503 505 533 506
192 305 412 411
305 411 304 585
495 445 449 415
514 451 449 445
500 149 150 445
445 91 149 150
239 260 238 328
228 271 227 339
503 504 506 530
505 504 531 328
325 241 326 257
576 354 325 324
484 168 167 133
336 337 268 230
538 365 336 335
551 359 360 330
535 261 329 330
496 163 551 536
533 162 161 139
551 77 163 496
478 479 421 570
542 173 172 128
554 577 509 572
67 567 68 369
172 67 567 68
508 347 346 376
39 317 385 219
317 219 279 385
213 285 212 391
202 296 201 402
191 307 190 413
513 25 512 24
513 249 318 250
312 8 313 22
312 21 8 22
532 535 533 536
530 532 405 298
240 259 327 258
260 238 329 261
503 160 531 518
539 287 541 394
229 270 338 269
271 227 340 272
65 561 66 371
567 370 340 369
126 127 422 114
126 421 115 114
556 126 421 125
461 137 138 433
461 136 137 432
137 138 433 103
137 432 104 103
149 148 92 444
148 93 443 147
555 153 148 147
468 446 447 416
464 187 452 56
468 50 37 446
473 316 280 311
57 49 40 311
463 51 50 54
18 27 14 184
499 18 183 184
18 15 17 183
152 498 88 546
512 23 18 27
497 499 18 17
184 27 2 383
27 383 23 5
463 54 52 51
447 36 51 56
447 464 463 416
417 416 464 119
523 488 291 398
505 329 506 328
427 426 131 109
526 131 427 426
553 326 571 356
438 437 142 98
554 142 438 437
497 499 498 512
449 19 12 20
449 11 20 12
29 20 451 11
514 29 16 17
449 12 19 448
472 178 557 177
472 123 177 124
516 520 283 390
455 376 61 179
419 123 117 418
116 125 420 115
419 116 124 420
293 399 292 481
482 401 400 430
105 136 431 104
430 105 135 431
482 429 134 106
568 146 145 155
563 254 305 564
529 504 550 518
563 255 304 254
441 145 95 440
94 147 442 93
566 253 306 252
441 94 146 442
285 392 391 478
558 479 286 285
455 179 471 376
560 422 127 423
522 124 420 419
401 460 474 295
482 431 477 401
202 401 295 402
569 307 306 413
511 442 565 441
564 253 254 305
511 146 442 441
191 412 306 413
526 131 170 169
398 291 292 488
68 580 69 368
542 128 424 423
560 423 127 128
423 113 127 128
198 530 406 405
57 316 40 35
535 261 506 329
533 139 435 434
434 102 138 139
536 139 434 138
57 316 35 453
513 312 314 250
318 249 248 250
498 88 348 151
3 382 381 26
259 239 328 260
270 228 339 271
573 325 257 256
572 577 301 552
575 439 144 440
574 509 577 573
576 82 571 355
83 582 84 353
576 509 573 571
324 243 242 256
158 81 571 82
576 82 355 354
483 292 293 266
529 552 407 436
490 364 365 335
335 231 267 232
490 364 335 334
71 365 538 72
537 526 169 528
71 366 70 169
525 337 268 336
455 376 375 61
508 278 279 281
517 277 278 281
456 177 63 176
455 376 346 375
465 508 376 377
346 221 220 278
529 504 300 550
503 436 529 435
376 377 60 179
60 180 179 377
554 577 572 552
553 326 356 327
572 257 325 326
580 171 545 172
583 338 337 367
537 337 336 366
547 319 320 251
414 547 307 308
87 546 88 349
463 473 507 492
457 262 330 331
534 296 201 297
551 536 163 162
559 286 272 273
558 341 342 273
503 529 504 530
466 341 370 371
214 213 390 284
192 191 412 306
579 289 269 270
527 267 291 292
289 209 395 208
550 300 258 259
570 422 421 126
574 438 509 439
486 414 415 189
493 513 250 312
313 312 22 493
494 22 28 19
532 404 298 200
529 530 435 406
530 405 434 435
505 162 161 533
551 533 536 162
535 298 261 297
260 238 328 329
261 330 237 329
541 393 287 211
503 529 530 435
545 542 172 129
580 172 567 68
73 490 72 167
559 287 272 286
271 227 339 340
272 341 226 340
519 276 345 277
519 276 282 283
515 216 387 388
515 282 281 216
474 266 489 483
490 484 134 480
204 205 293 399
563 304 305 254
193 194 304 410
490 483 334 335
570 127 126 174
560 173 128 127
457 460 263 264
457 361 331 360
532 404 434 405
461 163 138 137
536 138 162 139
498 149 152 151
500 443 549 148
569 549 547 500
549 152 149 148
499 149 151 150
503 160 141 140
518 141 160 159
357 80 531 79
167 490 487 73
522 125 124 176
171 68 580 69
578 130 171 170
32 53 33 182
144 439 143 97
144 439 96 440
509 439 143 144
577 408 438 409
424 128 129 112
575 144 157 156
473 316 57 453
133 428 132 108
133 428 107 429
528 428 132 133
206 398 291 292
73 490 487 363
166 363 487 477
490 167 484 168
455 471 179 178
465 467 471 508
122 417 119 118
470 118 418 417
556 456 469 562
516 283 519 282
516 472 519 522
454 455 345 375
510 55 32 53
33 182 53 181
464 181 121 187
52 34 181 187
464 187 56 52
186 30 384 59
510 55 186 32
510 55 46 384
510 186 55 384
465 181 182 180
476 463 508 492
55 30 45 384
514 29 20 451
185 445 90 451
497 18 25 17
485 25 512 513
494 450 448 28
49 310 48 41
547 414 486 308
150 445 90 185
495 497 19 449
476 377 510 378
467 386 416 417
523 427 397 426
481 399 428 429
481 484 428 488
427 428 108 132
133 107 134 429
528 428 427 132
134 490 487 167
581 439 440 410
438 439 97 143
144 96 145 440
207 397 290 291
207 290 397 396
408 302 196 195
196 301 408 407
576 582 575 157
521 283 284 275
420 421 115 125
522 420 124 125
478 391 420 421
105 431 136 135
482 474 401 477
564 306 253 305
442 443 93 147
502 563 511 564
569 413 442 443
472 178 123 471
478 421 392 391
472 124 419 123
212 285 392 391
475 201 296 402
490 538 168 484
94 442 147 146
498 485 546 486
548 321 350 351
190 414 413 307
568 441 145 146
67 466 66 173
537 528 525 526
539 395 394 424
466 370 340 567
580 368 339 338
545 129 425 424
423 424 112 128
424 425 111 129
490 538 335 365
571 326 325 355
530 405 435 406
462 534 297 296
531 327 357 328
503 435 140 436
434 435 101 139
435 436 100 140
473 54 50 49
473 446 453 50
57 316 311 40
492 476 47 379
37 446 50 38
376 465 471 508
251 319 248 250
319 485 250 251
546 153 350 87
546 547 486 485
319 251 247 320
498 149 546 152
489 333 363 334
506 298 299 260
535 330 262 261
496 361 360 76
551 162 163 77
330 237 236 262
261 330 262 237
559 273 272 341
561 372 371 65
466 173 174 66
341 226 225 273
85 155 352 84
74 166 363 73
177 454 374 62
480 477 487 489
573 257 302 256
325 241 257 242
553 571 159 81
584 256 303 255
527 267 268 291
483 266 334 335
367 170 537 583
528 132 169 168
336 231 230 268
492 48 310 317
476 378 47 379
476 46 378 510
492 385 317 279
379 44 378 47
517 277 345 346
378 44 45 46
492 48 317 58
553 571 81 356
385 43 379 58
379 58 492 385
492 317 385 58
473 311 310 49
553 160 159 518
529 530 299 504
550 258 327 259
405 298 299 530
240 326 241 258
580 68 567 369
525 337 269 268
578 171 130 545
553 554 159 571
229 337 230 269
321 320 246 252
321 245 253 246
563 582 584 323
486 251 308 250
499 18 17 183
501 321 548 351
565 306 305 412
546 153 87 152
457 361 332 331
332 489 362 458
332 235 263 331
332 264 234 333
76 360 496 77
458 362 332 361
558 469 478 285
496 163 164 76
343 274 342 224
343 275 223 344
558 341 561 342
556 420 522 125
174 65 561 66
562 343 372 373
561 174 175 65
512 27 184 383
2 89 184 383
512 383 380 23
152 87 546 88
383 348 89 184
546 547 549 500
553 550 326 327
554 158 509 143
254 244 323 255
254 322 245 253
321 245 322 253
265 234 264 333
265 474 266 489
474 266 293 265
332 234 264 235
519 557 455 345
470 389 388 418
276 222 345 277
276 223 275 344
343 223 275 224
210 394 287 288
212 392 285 286
479 211 392 393
287 211 393 210
559 560 542 541
553 550 572 326
536 434 433 138
297 534 200 201
462 475 461 534
49 40 311 41
298 200 404 199
496 536 462 461
506 329 261 260
189 188 415 309
509 143 158 157
529 552 436 518
581 440 411 410
563 322 323 254
582 353 324 323
554 159 571 158
538 366 365 71
47 379 58 492
492 476 54 47
476 54 46 53
219 279 347 220
219 347 279 385
463 465 508 467
465 121 180 179
465 377 179 180
471 178 122 179
508 376 377 347
39 43 385 58
579 269 338 270
524 426 397 396
290 396 289 524
572 326 258 257
552 437 408 407
552 301 197 407
319 251 248 247
513 512 380 24
567 67 172 173
459 431 401 477
263 457 331 262
457 462 262 263
457 361 458 332
561 371 342 341
273 342 274 225
580 172 68 171
272 341 273 226
520 478 556 469
515 470 517 516
553 554 572 550
520 420 390 419
215 216 282 388
474 264 265 294
458 477 489 363
492 48 54 49
554 509 438 143
563 254 323 255
565 413 306 412
493 309 313 250
35 316 218 453
190 414 308 189
540 271 340 272
556 420 125 421
423 127 113 422
539 544 288 395
127 114 113 422
494 22 313 7
434 138 102 433
532 533 434 536
138 103 102 433
499 183 150 184
350 546 320 548
451 20 449 11
532 535 298 506
532 297 200 298
496 361 76 164
574 581 410 439
531 328 357 358
553 327 356 357
531 357 79 358
558 559 479 560
567 370 369 67
553 531 160 518
540 567 466 340
580 339 368 369
537 337 525 336
580 68 369 368
17 183 15 16
497 150 499 514
495 445 415 444
110 130 426 131
110 426 130 425
524 426 396 425
528 427 526 132
545 129 171 130
99 141 437 142
99 437 141 436
552 407 436 437
577 552 408 301
504 328 260 259
546 548 350 153
497 514 17 20
486 308 414 189
350 86 87 153
496 461 164 163
535 261 262 297
496 77 163 76
216 387 217 281
560 174 173 127
558 562 561 570
561 371 372 342
472 178 177 123
520 284 478 469
456 374 557 344
456 374 344 373
454 375 374 62
470 388 417 418
465 179 377 376
471 122 121 179
123 117 418 118
458 166 363 362
74 166 362 363
481 484 429 428
484 429 133 134
484 428 133 429
134 106 429 107
537 527 538 336
568 145 441 440
301 302 196 408
155 154 85 352
507 280 217 281
502 353 352 84
575 144 145 440
584 324 256 255
573 256 324 325
145 95 440 96
81 553 80 159
554 437 438 577
582 83 156 157
484 167 134 133
537 169 526 170
574 573 303 584
481 399 429 400
375 61 454 455
472 519 522 557
556 456 562 176
465 181 53 182
510 186 182 32
378 47 44 46
1 314 249 382
312 8 21 9
6 28 13 450
8 7 313 22
290 396 207 208
579 543 289 270
520 284 521 283
301 407 196 197
550 326 327 258
529 530 406 198
148 93 92 443
507 279 280 281
493 21 22 25
454 345 455 557
470 417 122 118
470 418 118 123
556 175 126 125
569 414 307 413
519 344 345 276
514 451 185 29
497 514 499 17
492 379 385 347
517 278 277 346
508 515 471 517
430 105 106 135
481 474 204 400
516 419 390 389
475 402 431 432
474 489 265 264
137 104 432 136
527 336 267 335
502 352 353 323
427 132 109 131
39 317 58 385
574 438 439 409
573 303 584 256
555 148 443 147
574 410 409 439
52 463 464 53
454 177 178 62
464 120 121 119
515 281 387 216
116 420 125 124
467 416 464 417
419 116 117 124
557 345 344 374
515 517 281 282
562 570 175 561
402 401 475 431
133 107 428 108
431 104 136 432
292 398 205 206
528 168 133 132
520 390 420 391
399 398 205 292
502 155 511 568
509 143 157 144
549 153 152 148
317 58 48 42
144 96 439 97
508 279 278 220
441 94 95 146
71 366 169 538
575 156 145 144
500 549 149 148
194 409 195 303
373 64 456 63
521 276 275 344
576 325 354 355
570 126 127 422
548 320 350 321
137 136 461 164
475 403 402 432
1 314 26 9
457 460 462 263
468 467 507 386
501 322 321 351
190 308 414 307
464 417 121 467
537 538 528 169
537 527 528 538
541 423 393 422
479 392 422 393
452 56 187 31
559 340 341 272
570 174 126 175
479 392 421 422
126 421 114 422
562 342 561 372
521 275 469 343
250 319 248 318
497 512 498 485
513 24 381 26
543 339 271 270
545 130 425 129
543 338 339 270
540 272 287 271
454 374 375 345
126 115 421 125
122 417 121 119
520 391 478 284
493 415 309 486
494 448 450 415
546 547 548 549
532 433 434 404
438 97 98 143
534 433 404 403
136 459 431 461
202 296 402 295
494 22 493 313
200 534 404 403
6 315 7 28
474 401 295 294
461 136 432 431
312 22 493 21
458 361 496 164
494 7 28 22
461 534 432 433
503 140 141 436
551 329 359 330
506 260 261 298
481 399 488 428
137 432 103 433
565 566 564 306
512 24 25 23
321 253 252 246
514 185 16 29
523 397 427 398
537 583 170 526
549 148 555 153
449 495 448 19
18 15 183 184
513 25 24 21
495 499 150 500
500 444 414 443
555 442 147 443
54 476 463 53
473 218 386 507
503 505 161 533
415 486 189 309
493 19 25 22
34 187 56 31
517 277 281 282
542 128 172 129
457 496 361 360
494 450 188 415
585 581 411 304
573 256 302 303
503 518 436 141
524 579 525 526
471 123 122 178
524 579 289 290
544 395 425 396
366 170 70 169
492 54 48 47
525 290 268 269
525 268 290 291
398 397 206 291
110 426 109 131
578 426 130 131
542 424 128 129
578 130 170 131
208 290 396 289
515 417 388 387
576 573 324 325
464 51 56 447
186 30 55 384
33 52 34 181
576 573 584 324
576 575 584 573
483 266 335 267
398 488 292 399
10 185 451 29
503 435 533 140
492 476 379 347
530 299 504 506
529 406 436 407
572 258 301 257
572 302 257 301
463 52 464 51
302 409 408 577
510 46 378 384
99 437 98 142
518 141 142 437
447 51 36 37
55 45 46 384
454 177 557 178
473 311 57 316
473 218 453 386
533 435 139 140
518 142 141 159
310 41 42 48
529 300 197 552
50 453 38 446
576 509 157 575
553 572 571 326
576 582 157 83
521 522 519 557
452 31 36 56
554 142 143 438
576 582 83 354
554 159 158 142
464 52 181 187
452 447 56 36
464 121 120 187
495 444 415 414
492 279 508 347
416 464 463 467
486 189 309 308
19 448 13 28
12 13 19 448
445 91 150 90
419 123 124 117
469 284 274 275
493 415 448 494
6 28 450 315
513 493 485 25
494 188 309 415
514 183 17 16
191 307 413 306
472 419 470 123
494 188 450 315
188 6 450 315
492 48 58 47
464 51 52 56
581 584 303 304
512 348 498 485
186 30 32 55
218 280 507 473
465 180 121 181
507 387 281 217
463 473 492 54
463 54 53 52
510 46 55 53
576 571 325 355
463 51 447 468
52 56 34 187
569 549 555 548
499 183 514 150
495 486 485 498
350 86 153 351
502 582 353 84
335 266 232 267
254 245 322 244
337 268 230 269
427 108 109 132
505 79 161 78
458 361 75 362
515 282 216 388
330 331 262 236
343 274 224 275
515 388 516 282
527 268 267 336
569 306 565 413
522 177 176 124
540 543 545 567
562 372 64 373
543 270 288 289
521 275 343 344
130 425 129 111
537 583 337 367
584 323 324 255
585 411 440 441
156 83 582 84
568 156 155 145
477 264 458 489
351 502 352 154
354 83 576 82
538 366 336 365
170 537 366 367
495 493 415 448
364 73 490 72
553 531 327 357
18 14 15 184
488 428 399 398
74 362 166 165
167 484 134 490
523 290 524 397
515 282 516 517
467 417 387 386
461 491 136 459
376 60 61 179
470 471 123 122
516 389 282 388
557 454 374 177
417 467 471 121
456 373 63 374
380 512 485 348
564 254 253 322
497 514 20 449
554 143 142 158
324 243 255 323
502 501 154 351
565 441 442 412
254 323 244 322
538 168 169 71
24 513 381 380
470 516 389 419
537 538 366 336
493 513 312 21
494 493 415 309
460 458 459 477
489 333 334 233
521 519 344 557
276 345 222 344
521 344 456 557
455 345 375 346
380 24 23 4
2 27 5 383
470 418 419 389
21 513 314 26
504 259 260 299
530 533 532 506
356 81 553 80
565 413 412 442
569 442 565 555
78 358 505 79
555 154 153 147
444 148 92 443
471 417 122 470
550 301 258 300
554 437 577 552
543 288 270 271
583 338 367 368
70 170 367 69
336 267 231 268
366 169 538 537
583 170 171 69
490 72 365 364
513 21 24 26
381 24 380 4
495 445 500 150
265 233 234 333
512 383 184 348
348 184 151 89
477 136 165 491
493 313 312 250
512 18 23 25
3 26 381 24
493 250 486 309
503 530 533 435
466 561 341 371
533 536 162 139
504 259 327 328
578 524 426 526
473 310 311 280
505 329 328 358
462 296 262 263
238 329 261 237
462 262 296 297
346 221 277 345
331 332 457 263
545 172 171 129
540 271 339 340
515 387 467 417
466 371 370 66
544 395 424 425
579 337 338 269
227 340 272 226
521 283 275 276
556 125 176 175
574 584 575 573
569 548 547 549
562 175 176 64
342 224 274 225
569 555 443 442
482 106 134 135
424 112 129 111
470 389 516 388
372 65 562 64
553 518 550 531
569 307 566 306
320 246 252 247
477 491 165 458
85 86 351 154
351 502 322 352
462 461 536 534
546 349 320 319
511 564 585 565
457 360 330 496
349 350 546 320
501 565 566 564
574 302 577 409
569 414 547 307
499 184 150 151
546 348 349 485
351 153 154 86
502 154 501 511
512 151 348 184
504 300 550 259
263 332 457 264
441 145 146 95
502 501 564 511
438 142 143 98
538 528 169 168
490 364 363 73
579 269 289 290
502 568 582 156
537 337 366 367
110 130 111 425
136 135 431 477
370 67 466 66
583 69 367 170
490 72 167 168
523 528 488 427
526 132 131 169
482 487 477 135
502 323 563 322
540 271 287 288
558 273 342 274
448 13 28 450
478 469 284 285
65 562 64 175
494 313 315 7
383 5 380 23
562 342 372 343
60 180 377 59
276 222 223 344
521 456 343 469
380 23 5 4
33 52 181 53
378 384 46 45
476 47 46 54
547 485 319 251
14 184 27 2
379 44 47 43
514 185 150 183
186 180 59 384
558 274 285 273
470 516 419 472
567 340 339 369
179 376 465 471
341 342 273 225
492 310 280 279
510 32 182 53
377 510 384 180
465 510 377 180
379 43 47 58
584 304 255 303
503 529 436 518
502 501 322 564
348 498 546 88
423 128 112 113
192 305 306 412
154 502 352 155
501 154 351 153
195 409 302 303
326 257 241 258
566 252 321 253
566 252 320 321
564 253 321 322
203 294 295 401
77 359 551 78
537 525 527 336
489 334 490 483
480 134 429 484
533 139 161 140
554 437 518 142
553 80 159 160
534 433 403 432
434 139 101 102
74 165 75 362
489 265 264 333
483 267 292 266
461 164 163 137
498 546 500 486
571 159 81 158
300 529 197 198
455 61 178 179
516 517 472 470
214 390 283 284
251 320 252 247
468 386 446 416
169 537 366 170
541 393 423 394
497 25 19 20
348 88 89 151
466 561 371 66
558 286 273 285
210 287 394 393
578 545 130 425
482 430 135 431
199 298 405 404
456 343 373 344
524 289 544 396
582 354 324 353
578 583 526 170
212 286 211 392
532 297 298 535
529 436 406 435
499 150 500 149
475 201 402 403
502 323 322 352
402 295 475 401
505 551 162 533
505 162 78 161
435 101 140 100
141 436 140 100
505 358 359 329
576 575 582 584
539 394 423 424
504 300 259 299
550 301 572 258
217 280 507 218
571 355 356 326
325 242 257 256
577 438 408 437
435 139 140 101
151 152 498 88
554 509 577 438
