136 309 310 66
311 144 143 252
311 143 144 17
311 251 144 252
311 9 251 252
311 250 251 10
312 286 174 134
286 174 246 312
312 133 134 174
312 286 245 246
312 245 286 134
312 78 245 67
312 78 67 68
313 314 263 219
313 103 314 219
181 180 290 313
65 137 310 136
180 148 313 181
267 152 223 268
151 152 223 267
152 315 267 151
79 310 80 243
315 284 267 151
315 284 268 267
268 315 267 152
28 106 107 35
106 107 35 316
66 310 80 79
33 223 35 107
223 35 107 316
65 310 80 66
223 222 35 316
80 310 242 243
32 223 222 35
181 252 144 317
143 181 252 144
318 299 147 264
182 144 319 288
320 254 6 141
144 288 250 319
317 295 289 288
242 137 321 275
137 322 275 242
275 137 321 172
172 322 275 137
323 167 324 270
323 324 167 125
323 167 168 125
323 168 167 270
325 326 294 261
325 298 261 294
325 326 186 294
298 325 190 294
294 325 190 186
281 163 294 327
280 281 163 294
47 45 112 52
327 298 282 165
327 298 281 282
34 108 27 25
314 217 113 158
314 113 217 53
314 219 39 218
314 39 219 103
39 314 114 103
328 172 231 129
328 274 129 231
328 329 300 188
328 329 274 300
328 172 129 171
305 330 225 93
330 93 305 191
330 191 305 301
301 330 225 305
93 305 212 225
330 301 12 14
60 111 54 45
331 7 254 6
331 7 6 20
20 141 6 331
331 20 141 19
115 332 233 131
221 106 150 105
159 115 276 131
332 102 203 308
332 203 303 308
233 131 276 115
224 108 213 257
257 333 109 213
316 267 296 300
154 109 59 110
153 333 109 257
334 333 293 174
174 334 286 293
130 172 231 321
330 301 225 249
129 130 172 231
321 275 172 231
321 275 231 232
321 138 137 242
320 282 165 255
320 282 255 292
320 165 282 178
320 292 178 282
104 38 103 44
184 266 170 329
150 184 266 170
319 250 249 269
329 300 188 296
328 231 172 275
329 300 296 274
329 266 296 184
166 145 249 319
309 245 78 67
146 166 145 249
251 317 288 144
251 144 288 250
319 145 144 182
319 299 269 187
264 149 168 147
149 264 104 147
220 264 104 149
264 335 149 220
312 77 68 69
271 126 335 228
335 264 149 168
315 334 175 152
315 285 334 257
315 152 268 257
225 305 212 301
334 245 286 285
334 175 245 285
334 245 175 134
334 286 245 134
226 211 124 324
324 92 210 211
324 210 226 211
324 92 124 91
25 59 213 109
324 91 90 209
323 324 227 270
336 292 179 178
320 336 178 292
336 141 178 179
331 7 253 254
331 19 8 7
331 8 253 7
331 141 142 19
318 220 264 104
220 318 103 104
318 220 219 264
219 318 103 220
104 220 44 103
75 131 71 70
103 220 44 219
181 295 317 183
337 139 21 22
37 104 105 43
104 105 43 338
43 221 220 338
215 155 260 259
40 43 221 220
338 43 104 220
326 51 113 47
326 51 47 52
217 52 50 51
51 326 217 52
326 113 112 47
326 112 52 47
4 337 22 256
302 256 4 192
302 3 24 4
337 139 255 140
337 21 139 140
307 302 94 195
136 243 310 244
244 310 309 79
136 244 310 309
309 244 135 136
88 207 229 89
256 337 22 139
319 299 187 288
311 16 144 145
311 16 17 144
244 245 78 309
309 244 79 78
245 135 309 244
315 334 152 257
313 289 290 181
313 180 290 314
317 251 288 289
313 289 263 290
9 143 311 17
143 8 9 252
143 252 253 8
143 9 8 18
143 252 290 253
250 144 145 311
143 252 181 290
65 136 310 66
136 243 177 137
338 169 149 150
284 176 243 177
191 14 2 23
230 207 88 206
88 230 128 229
311 251 9 10
16 10 250 311
338 221 105 43
338 266 221 265
221 26 43 29
338 265 221 220
311 9 17 10
244 136 176 135
245 285 175 135
312 133 69 68
333 213 257 293
312 245 134 67
315 244 284 176
315 176 151 152
284 151 177 283
176 243 177 136
313 183 318 295
336 254 291 292
314 180 158 148
316 188 184 151
267 188 283 300
315 135 176 175
315 244 135 285
106 222 184 316
333 185 258 293
315 135 244 176
107 152 223 151
315 175 334 285
143 18 8 142
151 223 316 267
106 222 35 29
106 221 222 29
326 113 157 112
326 261 216 294
326 52 112 216
314 180 290 262
121 240 196 95
252 9 143 311
9 17 18 143
177 243 283 242
309 310 66 79
177 188 283 151
114 39 36 53
186 294 327 190
323 324 209 227
65 64 81 242
34 31 33 223
34 30 108 25
199 98 237 198
200 199 99 236
87 205 86 231
87 205 231 206
143 180 253 290
8 142 253 143
331 142 18 19
215 60 214 56
215 60 45 111
222 221 106 150
305 2 1 23
316 296 222 184
88 206 87 230
143 180 290 181
317 182 183 288
336 253 291 254
237 97 198 98
199 237 98 236
237 198 97 238
312 245 77 246
76 69 77 246
246 287 173 174
246 287 174 286
314 218 262 263
113 46 53 114
314 290 263 262
65 137 64 242
242 65 80 81
330 12 301 249
64 241 242 138
116 100 201 101
168 264 270 271
335 272 265 271
323 271 270 227
323 271 168 270
250 16 145 11
318 264 219 295
319 269 299 288
322 275 283 300
322 188 177 172
321 304 138 241
321 138 172 137
322 283 275 242
87 206 231 230
322 242 177 283
322 328 188 172
129 231 274 230
87 86 129 231
130 85 204 86
322 177 188 283
316 106 222 35
328 274 275 300
322 328 275 300
160 277 276 234
160 161 278 117
160 277 234 117
330 166 249 269
191 305 23 2
161 278 117 236
160 278 161 154
154 259 258 278
154 259 214 258
154 258 185 189
154 109 258 59
65 80 310 242
320 254 292 255
200 201 235 117
62 102 194 308
84 304 306 73
84 61 306 193
237 119 98 236
307 302 195 3
307 13 94 192
324 167 125 124
93 225 92 123
86 129 231 130
85 306 193 204
84 61 73 306
204 86 205 130
306 204 73 304
85 130 204 193
314 113 114 158
246 76 132 247
319 144 145 250
50 51 49 217
50 52 216 48
326 325 157 158
326 216 261 217
112 48 216 52
215 48 216 112
34 31 224 30
34 224 31 223
284 267 151 283
87 231 129 230
87 128 230 129
86 205 130 231
321 275 241 242
88 127 89 229
139 122 256 282
320 140 6 255
298 165 178 282
192 122 302 256
323 324 125 90
323 228 209 90
270 226 269 167
160 276 297 159
160 159 297 189
322 177 242 137
232 193 204 130
232 204 193 304
231 205 130 232
331 18 8 19
145 15 11 16
320 254 255 6
336 291 179 292
320 336 254 141
314 148 313 180
113 51 217 53
229 230 128 273
237 119 279 280
280 260 156 279
280 156 294 163
62 308 83 72
238 197 97 120
280 119 279 163
238 239 197 120
247 276 131 159
246 173 287 132
246 247 132 287
247 70 132 131
247 75 70 131
244 284 176 243
245 134 135 175
216 294 260 112
280 294 156 260
326 186 112 157
326 216 112 294
294 260 112 156
328 172 171 188
150 106 222 184
316 106 151 184
316 296 267 222
331 336 254 253
297 287 293 173
297 189 173 185
297 185 258 189
132 70 247 76
173 287 132 159
287 132 159 247
160 258 189 297
287 173 297 159
160 277 258 297
325 157 179 178
325 190 186 157
261 179 292 325
325 261 298 292
191 23 301 14
269 123 225 330
301 305 212 1
205 130 232 204
321 304 232 193
85 61 193 306
214 258 213 59
154 214 110 59
214 56 60 58
247 132 159 131
154 259 278 155
297 258 185 293
154 214 59 258
257 333 293 334
34 108 152 107
108 224 152 257
108 213 25 30
25 59 30 213
101 202 116 115
201 101 202 116
116 201 100 117
116 115 202 233
117 234 116 201
276 116 234 233
160 276 116 234
158 180 262 291
314 158 114 148
103 39 36 114
139 255 165 282
139 282 165 122
337 4 5 256
92 124 225 211
330 249 225 269
324 91 209 210
301 14 23 12
191 301 23 305
330 166 123 146
311 251 250 144
146 11 12 249
249 146 11 145
146 12 11 15
20 141 140 6
320 165 140 255
139 165 255 140
139 192 256 122
121 197 120 96
165 121 282 164
95 121 96 196
121 164 239 282
327 282 281 164
121 196 239 197
282 240 239 121
173 297 159 189
160 159 116 276
160 116 117 234
174 246 312 133
326 113 217 158
70 247 76 75
34 152 224 223
284 177 151 176
142 18 8 331
277 234 117 235
160 258 277 278
307 3 13 24
13 22 192 24
332 74 71 83
332 303 74 83
276 116 233 115
101 115 102 202
248 131 276 233
321 232 304 241
321 172 138 130
321 275 232 241
328 329 188 171
335 168 169 126
338 221 266 150
266 169 170 272
335 264 271 265
315 175 176 152
338 105 221 150
222 150 184 266
338 266 169 150
309 79 67 78
259 215 155 214
215 56 48 60
215 260 155 156
215 112 260 156
214 58 57 56
60 54 110 58
215 60 48 45
43 42 37 104
335 272 338 265
221 26 106 105
221 43 40 29
43 42 220 40
330 166 146 249
222 35 29 32
145 11 249 250
330 93 123 225
139 256 192 22
121 240 239 196
121 96 196 197
237 236 279 119
121 197 239 120
237 119 280 238
240 195 196 95
240 122 95 121
308 203 303 72
332 233 203 102
62 83 308 194
233 115 102 332
308 83 72 303
202 115 102 233
62 194 71 83
229 127 228 272
229 127 89 228
323 209 324 90
324 226 167 124
93 305 191 2
330 166 269 123
301 23 305 1
301 12 23 1
57 30 59 213
221 222 266 150
43 26 105 37
42 220 40 41
42 104 220 44
53 314 114 39
228 90 89 208
324 210 92 91
90 209 208 228
201 117 234 235
200 235 236 117
199 98 99 236
200 100 201 117
247 248 75 131
22 256 192 4
5 6 140 255
337 139 256 255
39 44 219 103
313 289 295 263
39 44 41 219
331 141 336 142
49 217 51 53
218 49 53 217
39 53 218 49
41 220 219 44
158 261 217 326
314 53 217 218
216 52 50 217
168 270 264 147
226 211 225 124
168 126 335 271
324 210 227 226
332 194 102 308
131 332 233 248
332 74 248 71
332 115 102 194
116 234 233 202
147 183 299 318
241 64 82 138
321 232 130 193
81 242 64 241
214 58 59 57
52 45 112 48
316 107 151 106
25 109 55 59
333 258 109 213
109 185 258 333
335 264 168 271
270 299 264 147
126 323 271 168
226 167 124 269
228 272 127 126
207 208 229 89
161 117 118 236
194 332 83 308
154 214 259 155
247 131 276 248
200 99 117 236
277 117 278 235
237 119 238 97
316 151 267 188
322 177 137 172
284 283 177 243
321 304 193 138
64 138 63 82
177 243 242 137
244 136 243 176
29 26 106 221
309 67 66 135
242 138 137 64
81 241 64 82
137 310 136 243
330 14 191 301
330 12 146 14
330 12 249 146
330 191 14 146
211 124 324 92
88 229 128 127
338 335 220 149
337 5 140 255
337 140 5 21
240 122 121 282
122 256 282 240
320 140 165 178
331 142 253 8
5 6 21 140
263 314 313 290
138 241 242 321
229 127 273 128
327 294 281 298
320 336 292 254
298 282 178 292
164 239 282 281
320 178 336 141
139 255 282 256
122 302 256 240
198 97 238 197
164 281 120 239
327 165 282 164
195 94 95 240
280 238 119 120
280 238 120 281
319 288 250 269
319 145 249 250
287 174 293 173
334 257 153 152
312 246 69 133
158 325 157 179
154 109 185 258
297 293 185 173
160 154 258 278
160 277 117 278
109 257 108 153
325 261 158 326
325 178 298 190
336 142 141 179
317 251 252 144
39 44 103 36
290 291 262 180
336 180 142 179
144 317 288 182
313 219 263 295
331 336 141 254
215 216 260 112
326 186 294 112
325 179 292 178
52 326 217 216
329 274 296 273
273 272 170 127
329 273 266 170
229 208 228 89
230 274 128 273
306 193 204 304
222 184 296 266
273 266 170 272
338 150 149 105
323 90 125 126
329 188 184 296
228 323 271 126
329 171 274 128
108 153 257 152
328 274 329 171
324 209 227 210
329 170 184 171
129 274 171 128
324 270 167 226
129 128 230 274
329 188 171 184
270 299 167 269
319 187 166 182
317 295 288 183
269 187 299 167
146 11 145 15
6 140 20 21
319 182 288 187
319 249 166 269
288 295 299 183
317 252 251 289
314 158 180 262
318 103 104 147
299 183 187 288
323 209 228 227
274 128 273 329
272 126 335 169
34 108 30 224
270 167 299 147
289 295 317 181
313 318 219 295
240 94 302 195
307 24 302 3
94 122 95 240
141 140 6 320
321 232 231 130
82 63 304 138
84 193 306 304
84 193 304 63
329 171 128 170
241 138 82 304
84 304 82 63
332 74 303 248
72 303 83 74
75 248 74 71
243 310 244 79
246 173 132 133
315 285 257 268
246 76 69 132
246 133 132 69
293 334 286 257
332 194 71 131
327 281 163 164
327 294 186 163
179 291 158 261
165 121 122 282
258 213 59 109
246 133 174 173
294 163 156 186
238 239 120 281
214 213 57 59
302 4 24 192
237 97 98 119
201 234 116 202
236 99 117 118
278 162 155 279
335 265 220 264
338 169 266 272
313 183 181 148
317 181 183 182
314 103 148 114
314 263 219 218
318 264 147 104
42 37 104 38
187 147 183 299
11 10 250 16
330 123 191 146
226 124 225 269
324 91 124 125
221 43 26 105
338 104 149 220
278 235 117 236
197 96 97 120
238 97 119 120
87 230 128 88
337 256 5 255
160 276 277 297
333 258 213 293
60 110 54 111
110 55 109 59
160 154 189 258
108 213 30 224
214 58 110 59
200 100 117 99
236 279 119 162
161 162 278 236
278 155 259 279
297 287 159 276
236 118 98 99
236 118 119 98
102 233 203 202
236 119 118 162
323 125 168 126
229 272 273 127
323 228 271 227
42 41 44 220
228 89 126 127
323 126 228 90
329 273 170 128
319 187 269 166
335 228 272 271
92 124 123 225
169 170 272 127
338 105 149 104
335 149 338 169
315 176 284 151
318 299 264 295
321 130 138 193
316 222 267 223
338 265 272 266
215 155 214 60
60 111 155 110
215 112 156 111
279 162 163 119
164 120 281 163
280 163 120 119
214 60 110 58
121 239 164 120
273 170 128 127
169 272 126 127
244 245 135 285
333 185 293 174
334 153 175 152
316 296 188 300
245 134 67 135
312 68 67 134
315 284 285 268
291 180 253 336
320 141 140 178
327 186 190 164
141 6 331 254
22 24 4 192
318 183 103 147
288 183 187 182
313 148 314 103
314 262 218 217
228 90 126 89
228 272 126 335
240 302 94 122
215 111 45 112
107 28 33 27
113 46 47 51
291 261 179 292
325 298 178 292
48 45 112 215
124 123 225 269
335 338 272 169
265 338 335 220
93 92 225 211
324 91 125 90
333 334 153 174
333 185 174 153
312 68 134 133
268 224 257 152
331 20 19 7
143 180 142 253
331 336 253 142
313 219 318 103
317 182 144 181
311 17 16 10
295 313 181 289
291 158 261 262
314 217 158 262
168 270 147 167
183 313 181 295
314 113 53 114
334 174 175 153
334 174 286 134
34 108 107 27
293 185 173 174
315 285 135 175
332 303 233 248
108 25 213 109
34 223 33 107
247 159 287 276
67 135 309 245
152 224 223 268
336 291 180 179
328 274 171 129
326 113 158 157
322 328 300 188
150 266 169 170
107 151 223 316
106 28 26 35
329 296 266 273
93 225 212 211
317 252 289 181
269 124 166 167
324 227 270 226
106 26 29 35
319 145 182 166
42 104 44 38
299 147 167 187
316 267 300 188
12 14 15 146
330 123 93 191
326 113 51 217
327 186 164 163
327 298 165 190
327 164 190 165
179 261 158 325
336 180 253 142
325 190 157 178
158 180 291 179
289 181 252 290
280 163 281 120
307 24 13 192
307 192 302 24
294 112 186 156
302 122 192 94
260 259 155 279
337 22 21 5
312 77 78 68
183 295 299 318
332 83 308 303
287 174 286 293
332 115 194 131
161 162 236 118
84 304 73 82
309 66 136 135
334 257 285 286
242 310 137 243
328 231 275 274
229 207 88 230
314 39 53 218
304 193 138 63
322 188 300 283
84 63 61 193
65 242 310 137
322 275 328 172
315 244 285 284
151 267 188 283
31 223 32 33
223 35 32 33
107 33 28 35
332 203 233 303
161 278 162 155
279 163 162 156
298 178 165 190
215 111 156 155
260 156 279 155
333 153 334 257
312 77 245 78
333 185 153 109
309 66 67 79
69 77 246 312
154 110 214 155
34 107 33 27
279 156 162 155
215 155 60 111
334 174 134 175
262 158 261 217
161 154 278 155
70 69 76 132
248 75 131 71
325 186 326 157
113 51 53 46
332 194 83 71
110 58 54 55
280 163 279 156
278 236 162 279
190 294 327 298
110 55 59 58
276 116 115 159
223 152 107 34
332 248 131 71
214 60 155 110
213 257 108 109
34 152 108 224
307 302 192 94
335 168 149 169
114 53 36 46
43 220 42 104
337 4 22 5
103 36 44 38
311 16 145 250
290 291 180 253
313 103 183 148
269 187 167 166
316 184 188 296
313 103 318 183
123 166 269 124