24 25 43 26
42 46 41 32
16 43 46 42
44 39 7 8
35 43 31 46
43 31 46 42
43 27 13 36
43 36 17 46
43 35 36 46
43 35 19 36
8 44 6 7
41 45 44 39
14 38 40 41
41 44 33 30
44 41 39 30
41 39 30 38
45 14 4 18
45 39 7 44
45 40 7 39
44 39 34 30
22 35 19 43
39 3 8 1
41 46 15 38
28 36 46 37
17 36 12 46
36 12 46 37
35 28 36 46
37 38 46 29
37 38 11 46
7 44 6 45
38 15 14 11
39 40 7 3
39 34 1 8
36 35 19 28
44 39 8 34
30 41 32 33
44 33 30 34
40 18 7 2
34 8 5 1
42 46 32 31
10 14 38 40
41 32 46 38
32 29 31 46
38 46 15 11
37 28 29 46
44 5 8 6
39 30 1 34
29 28 31 46
38 32 46 29
38 30 41 32
43 35 31 22
28 31 46 35
43 27 36 25
45 7 40 18
24 43 25 23
19 43 26 22
36 26 25 20
43 27 23 13
36 20 19 26
36 21 20 25
36 43 26 19
36 27 21 25
36 21 27 9
43 27 25 23
13 36 17 43
36 27 13 9
43 36 26 25
9 36 17 13
42 46 16 15
45 18 40 14
41 40 45 39
15 12 11 46
41 38 15 14
37 12 46 11
43 17 13 16
15 12 46 16
17 16 43 46
16 12 46 17
36 12 9 17
30 29 32 38
40 14 41 45
44 5 34 8
45 7 18 4
41 40 39 38
38 11 14 10
39 7 8 3
40 2 10 18
44 5 33 34
45 4 6 7
18 4 7 2
40 10 14 18
42 41 46 15
24 43 22 26
40 3 2 7
