 0 0 0
 0 0 0.5
 0 0 0.25
 3.06E-17 0.25 0.5
 0 0.25 0
 1.53E-17 0.25 0.25
 1.53E-17 0.125 0.375
 7.65E-18 0.125 0.125
 1 0 0.5
 0.25 0 0.5
 0.5 0 0.5
 0.75 0 0.5
 1 0.25 0.5
 0.25 0.25 0.5
 0.5 0.25 0.5
 0.75 0.25 0.5
 0.875 0.125 0.5
 0.125 0.125 0.5
 1 0 0
 1.164824615 0 0.141412788
 1.164824615 0 0.358587212
 1 0.25 0
 1.164824615 0.25 0.358587212
 1.164824615 0.25 0.141412788
 1.188585716 0.125000001 0.250000001
 1.129219178 0.125 8.46E-02
 1.129219177 0.125 0.415366908
 0.75 0 0
 0.5 0 0
 0.25 0 0
 0.75 0.25 0
 0.5 0.25 0
 0.25 0.25 0
 0.125 0.125 0
 0.875 0.125 0
 0.922363663 0 0.250227848
 0.62689641 0 0.251594936
 0.34578112 0 0.250847132
 0.147142857 0 0.168186632
 0.148584795 0 0.333806753
 0.345168875 0.25 0.250899964
 0.62689641 0.25 0.248405064
 0.922363663 0.25 0.249772152
 0.148319489 0.25 0.166950322
 0.148697673 0.25 0.333570057
 0.594273627 0.124980696 0.249980703
