0 5.00E-02 0
0 0 0
0 3.75E-02 0
0 2.50E-02 0
0 1.25E-02 0
5.00E-02 5.00E-02 0
3.75E-02 5.00E-02 0
2.50E-02 5.00E-02 0
1.25E-02 5.00E-02 0
5.00E-02 0 0
5.00E-02 1.25E-02 0
5.00E-02 2.50E-02 0
5.00E-02 3.75E-02 0
1.25E-02 0 0
2.50E-02 0 0
3.75E-02 0 0
3.12E-02 1.05E-02 0
1.88E-02 1.04E-02 0
3.99E-02 3.10E-02 0
3.96E-02 1.87E-02 0
1.87E-02 3.94E-02 0
3.13E-02 3.95E-02 0
1.04E-02 1.87E-02 0
1.01E-02 3.10E-02 0
2.50E-02 2.49E-02 0
8.28E-03 4.15E-02 0
8.42E-03 8.42E-03 0
4.17E-02 4.15E-02 0
4.16E-02 8.42E-03 0
0 0 0.5
5.00E-02 0 0.5
1.25E-02 0 0.5
2.50E-02 0 0.5
3.75E-02 0 0.5
5.00E-02 5.00E-02 0.5
5.00E-02 1.25E-02 0.5
5.00E-02 2.50E-02 0.5
5.00E-02 3.75E-02 0.5
0 5.00E-02 0.5
3.75E-02 5.00E-02 0.5
2.50E-02 5.00E-02 0.5
1.25E-02 5.00E-02 0.5
0 3.75E-02 0.5
0 2.50E-02 0.5
0 1.25E-02 0.5
1.05E-02 1.88E-02 0.5
1.04E-02 3.12E-02 0.5
1.87E-02 3.96E-02 0.5
3.10E-02 3.99E-02 0.5
3.94E-02 3.13E-02 0.5
3.95E-02 1.87E-02 0.5
3.10E-02 1.01E-02 0.5
1.87E-02 1.04E-02 0.5
2.49E-02 2.50E-02 0.5
8.42E-03 8.42E-03 0.5
4.15E-02 8.28E-03 0.5
4.15E-02 4.17E-02 0.5
8.42E-03 4.16E-02 0.5
0 0 0.48438
0 0 0.46875
0 0 0.45312
0 0 0.4375
0 0 0.42188
0 0 0.40625
0 0 0.39062
0 0 0.375
0 0 0.35938
0 0 0.34375
0 0 0.32812
0 0 0.3125
0 0 0.29688
0 0 0.28125
0 0 0.26562
0 0 0.25
0 0 0.23438
0 0 0.21875
0 0 0.20312
0 0 0.1875
0 0 0.17188
0 0 0.15625
0 0 0.14062
0 0 0.125
0 0 0.10938
0 0 9.38E-02
0 0 7.81E-02
0 0 6.25E-02
0 0 4.69E-02
0 0 3.13E-02
0 0 1.56E-02
5.00E-02 0 1.56E-02
5.00E-02 0 3.13E-02
5.00E-02 0 4.69E-02
5.00E-02 0 6.25E-02
5.00E-02 0 7.81E-02
5.00E-02 0 9.38E-02
5.00E-02 0 0.10938
5.00E-02 0 0.125
5.00E-02 0 0.14062
5.00E-02 0 0.15625
5.00E-02 0 0.17188
5.00E-02 0 0.1875
5.00E-02 0 0.20312
5.00E-02 0 0.21875
5.00E-02 0 0.23438
5.00E-02 0 0.25
5.00E-02 0 0.26562
5.00E-02 0 0.28125
5.00E-02 0 0.29688
5.00E-02 0 0.3125
5.00E-02 0 0.32812
5.00E-02 0 0.34375
5.00E-02 0 0.35938
5.00E-02 0 0.375
5.00E-02 0 0.39062
5.00E-02 0 0.40625
5.00E-02 0 0.42188
5.00E-02 0 0.4375
5.00E-02 0 0.45312
5.00E-02 0 0.46875
5.00E-02 0 0.48438
3.38E-02 0 0.47607
3.32E-02 0 0.45869
3.31E-02 0 0.44261
3.30E-02 0 0.42687
3.30E-02 0 0.41122
3.30E-02 0 0.39559
3.30E-02 0 0.37996
3.30E-02 0 0.36434
3.30E-02 0 0.34871
3.30E-02 0 0.33309
3.30E-02 0 0.31746
3.30E-02 0 0.30184
3.30E-02 0 0.28621
3.30E-02 0 0.27059
3.30E-02 0 0.25496
3.30E-02 0 0.23934
3.30E-02 0 0.22371
3.30E-02 0 0.20809
3.30E-02 0 0.19246
3.30E-02 0 0.17684
3.30E-02 0 0.16121
3.30E-02 0 0.14559
3.30E-02 0 0.12996
3.30E-02 0 0.11434
3.30E-02 0 9.87E-02
3.30E-02 0 8.31E-02
3.30E-02 0 6.75E-02
3.32E-02 0 5.18E-02
3.34E-02 0 3.60E-02
3.42E-02 0 1.93E-02
1.67E-02 0 2.55E-02
1.66E-02 0 4.14E-02
1.65E-02 0 5.71E-02
1.65E-02 0 7.27E-02
1.65E-02 0 8.84E-02
1.65E-02 0 0.104
1.65E-02 0 0.11962
1.65E-02 0 0.13525
1.65E-02 0 0.15087
1.65E-02 0 0.1665
1.65E-02 0 0.18212
1.65E-02 0 0.19775
1.65E-02 0 0.21337
1.65E-02 0 0.229
1.65E-02 0 0.24462
1.65E-02 0 0.26025
1.65E-02 0 0.27587
1.65E-02 0 0.2915
1.65E-02 0 0.30712
1.65E-02 0 0.32275
1.65E-02 0 0.33837
1.65E-02 0 0.354
1.65E-02 0 0.36962
1.65E-02 0 0.38525
1.65E-02 0 0.40087
1.65E-02 0 0.41651
1.65E-02 0 0.43219
1.63E-02 0 0.44779
1.64E-02 0 0.46411
1.54E-02 0 0.48069
2.84E-02 0 0.48979
1.81E-02 0 0.49228
3.08E-02 0 7.52E-03
1.70E-02 0 9.82E-03
4.05E-02 0 8.51E-03
9.20E-03 0 0.49147
4.00E-02 0 0.49005
5.00E-02 5.00E-02 1.56E-02
5.00E-02 5.00E-02 3.13E-02
5.00E-02 5.00E-02 4.69E-02
5.00E-02 5.00E-02 6.25E-02
5.00E-02 5.00E-02 7.81E-02
5.00E-02 5.00E-02 9.38E-02
5.00E-02 5.00E-02 0.10938
5.00E-02 5.00E-02 0.125
5.00E-02 5.00E-02 0.14062
5.00E-02 5.00E-02 0.15625
5.00E-02 5.00E-02 0.17188
5.00E-02 5.00E-02 0.1875
5.00E-02 5.00E-02 0.20312
5.00E-02 5.00E-02 0.21875
5.00E-02 5.00E-02 0.23438
5.00E-02 5.00E-02 0.25
5.00E-02 5.00E-02 0.26562
5.00E-02 5.00E-02 0.28125
5.00E-02 5.00E-02 0.29688
5.00E-02 5.00E-02 0.3125
5.00E-02 5.00E-02 0.32812
5.00E-02 5.00E-02 0.34375
5.00E-02 5.00E-02 0.35938
5.00E-02 5.00E-02 0.375
5.00E-02 5.00E-02 0.39062
5.00E-02 5.00E-02 0.40625
5.00E-02 5.00E-02 0.42188
5.00E-02 5.00E-02 0.4375
5.00E-02 5.00E-02 0.45312
5.00E-02 5.00E-02 0.46875
5.00E-02 5.00E-02 0.48438
0 5.00E-02 0.48438
0 5.00E-02 0.46875
0 5.00E-02 0.45312
0 5.00E-02 0.4375
0 5.00E-02 0.42188
0 5.00E-02 0.40625
0 5.00E-02 0.39062
0 5.00E-02 0.375
0 5.00E-02 0.35938
0 5.00E-02 0.34375
0 5.00E-02 0.32812
0 5.00E-02 0.3125
0 5.00E-02 0.29688
0 5.00E-02 0.28125
0 5.00E-02 0.26562
0 5.00E-02 0.25
0 5.00E-02 0.23438
0 5.00E-02 0.21875
0 5.00E-02 0.20312
0 5.00E-02 0.1875
0 5.00E-02 0.17188
0 5.00E-02 0.15625
0 5.00E-02 0.14062
0 5.00E-02 0.125
0 5.00E-02 0.10938
0 5.00E-02 9.38E-02
0 5.00E-02 7.81E-02
0 5.00E-02 6.25E-02
0 5.00E-02 4.69E-02
0 5.00E-02 3.13E-02
0 5.00E-02 1.56E-02
1.82E-02 5.00E-02 2.20E-02
1.74E-02 5.00E-02 4.11E-02
1.70E-02 5.00E-02 5.73E-02
1.70E-02 5.00E-02 7.31E-02
1.70E-02 5.00E-02 8.88E-02
1.70E-02 5.00E-02 0.10441
1.70E-02 5.00E-02 0.12004
1.70E-02 5.00E-02 0.13566
1.70E-02 5.00E-02 0.15129
1.70E-02 5.00E-02 0.16691
1.70E-02 5.00E-02 0.18254
1.70E-02 5.00E-02 0.19816
1.70E-02 5.00E-02 0.21379
1.70E-02 5.00E-02 0.22941
1.70E-02 5.00E-02 0.24504
1.70E-02 5.00E-02 0.26066
1.70E-02 5.00E-02 0.27629
1.70E-02 5.00E-02 0.29191
1.70E-02 5.00E-02 0.30754
1.70E-02 5.00E-02 0.32316
1.70E-02 5.00E-02 0.33879
1.70E-02 5.00E-02 0.35441
1.70E-02 5.00E-02 0.37004
1.70E-02 5.00E-02 0.38566
1.70E-02 5.00E-02 0.40129
1.69E-02 5.00E-02 0.41693
1.68E-02 5.00E-02 0.43264
1.73E-02 5.00E-02 0.44844
1.35E-02 5.00E-02 0.46094
1.47E-02 5.00E-02 0.47647
3.40E-02 5.00E-02 0.48046
3.04E-02 5.00E-02 0.46172
3.32E-02 5.00E-02 0.44358
3.35E-02 5.00E-02 0.42739
3.35E-02 5.00E-02 0.41165
3.35E-02 5.00E-02 0.39601
3.35E-02 5.00E-02 0.38038
3.35E-02 5.00E-02 0.36475
3.35E-02 5.00E-02 0.34913
3.35E-02 5.00E-02 0.3335
3.35E-02 5.00E-02 0.31788
3.35E-02 5.00E-02 0.30225
3.35E-02 5.00E-02 0.28663
3.35E-02 5.00E-02 0.271
3.35E-02 5.00E-02 0.25538
3.35E-02 5.00E-02 0.23975
3.35E-02 5.00E-02 0.22413
3.35E-02 5.00E-02 0.2085
3.35E-02 5.00E-02 0.19288
3.35E-02 5.00E-02 0.17725
3.35E-02 5.00E-02 0.16163
3.35E-02 5.00E-02 0.146
3.35E-02 5.00E-02 0.13038
3.35E-02 5.00E-02 0.11475
3.35E-02 5.00E-02 9.91E-02
3.35E-02 5.00E-02 8.35E-02
3.36E-02 5.00E-02 6.78E-02
3.38E-02 5.00E-02 5.21E-02
3.43E-02 5.00E-02 3.63E-02
3.75E-02 5.00E-02 2.09E-02
2.12E-02 5.00E-02 0.48981
3.19E-02 5.00E-02 0.49213
1.94E-02 5.00E-02 8.41E-03
2.98E-02 5.00E-02 1.01E-02
1.00E-02 5.00E-02 9.20E-03
4.10E-02 5.00E-02 9.33E-03
4.07E-02 5.00E-02 0.49135
9.68E-03 5.00E-02 0.49013
0 3.26E-02 2.15E-02
0 3.69E-02 3.80E-02
0 3.33E-02 5.20E-02
0 3.32E-02 6.74E-02
0 3.31E-02 8.31E-02
0 3.31E-02 9.87E-02
0 3.30E-02 0.11434
0 3.30E-02 0.12996
0 3.30E-02 0.14559
0 3.30E-02 0.16121
0 3.30E-02 0.17684
0 3.30E-02 0.19246
0 3.30E-02 0.20809
0 3.30E-02 0.22371
0 3.30E-02 0.23934
0 3.30E-02 0.25496
0 3.30E-02 0.27059
0 3.30E-02 0.28621
0 3.30E-02 0.30184
0 3.30E-02 0.31746
0 3.30E-02 0.33309
0 3.30E-02 0.34871
0 3.30E-02 0.36434
0 3.30E-02 0.37996
0 3.30E-02 0.39559
0 3.30E-02 0.41121
0 3.30E-02 0.42684
0 3.30E-02 0.44267
0 3.28E-02 0.45895
0 3.22E-02 0.47775
0 1.31E-02 2.12E-02
0 1.88E-02 3.82E-02
0 1.68E-02 5.65E-02
0 1.66E-02 7.26E-02
0 1.65E-02 8.83E-02
0 1.65E-02 0.10399
0 1.65E-02 0.11962
0 1.65E-02 0.13525
0 1.65E-02 0.15087
0 1.65E-02 0.1665
0 1.65E-02 0.18212
0 1.65E-02 0.19775
0 1.65E-02 0.21337
0 1.65E-02 0.229
0 1.65E-02 0.24462
0 1.65E-02 0.26025
0 1.65E-02 0.27587
0 1.65E-02 0.2915
0 1.65E-02 0.30712
0 1.65E-02 0.32275
0 1.65E-02 0.33837
0 1.65E-02 0.354
0 1.65E-02 0.36962
0 1.65E-02 0.38525
0 1.65E-02 0.40087
0 1.65E-02 0.4165
0 1.65E-02 0.43221
0 1.62E-02 0.44785
0 1.56E-02 0.46357
0 1.27E-02 0.47904
0 2.05E-02 0.48987
0 3.11E-02 0.49168
0 2.05E-02 1.01E-02
0 3.11E-02 8.19E-03
0 4.02E-02 9.05E-03
0 9.23E-03 9.37E-03
0 9.12E-03 0.49066
0 4.02E-02 0.49079
5.00E-02 3.50E-02 0.47631
5.00E-02 3.73E-02 0.46122
5.00E-02 3.34E-02 0.44791
5.00E-02 3.33E-02 0.43257
5.00E-02 3.31E-02 0.41693
5.00E-02 3.31E-02 0.40129
5.00E-02 3.30E-02 0.38566
5.00E-02 3.30E-02 0.37004
5.00E-02 3.30E-02 0.35441
5.00E-02 3.30E-02 0.33879
5.00E-02 3.30E-02 0.32316
5.00E-02 3.30E-02 0.30754
5.00E-02 3.30E-02 0.29191
5.00E-02 3.30E-02 0.27629
5.00E-02 3.30E-02 0.26066
5.00E-02 3.30E-02 0.24504
5.00E-02 3.30E-02 0.22941
5.00E-02 3.30E-02 0.21379
5.00E-02 3.30E-02 0.19816
5.00E-02 3.30E-02 0.18254
5.00E-02 3.30E-02 0.16691
5.00E-02 3.30E-02 0.15129
5.00E-02 3.30E-02 0.13566
5.00E-02 3.30E-02 0.12004
5.00E-02 3.30E-02 0.10441
5.00E-02 3.30E-02 8.88E-02
5.00E-02 3.30E-02 7.32E-02
5.00E-02 3.30E-02 5.73E-02
5.00E-02 3.28E-02 4.10E-02
5.00E-02 3.22E-02 2.22E-02
5.00E-02 1.60E-02 0.48043
5.00E-02 1.97E-02 0.46164
5.00E-02 1.70E-02 0.44346
5.00E-02 1.66E-02 0.42736
5.00E-02 1.65E-02 0.41165
5.00E-02 1.65E-02 0.39601
5.00E-02 1.65E-02 0.38038
5.00E-02 1.65E-02 0.36475
5.00E-02 1.65E-02 0.34913
5.00E-02 1.65E-02 0.3335
5.00E-02 1.65E-02 0.31788
5.00E-02 1.65E-02 0.30225
5.00E-02 1.65E-02 0.28663
5.00E-02 1.65E-02 0.271
5.00E-02 1.65E-02 0.25538
5.00E-02 1.65E-02 0.23975
5.00E-02 1.65E-02 0.22413
5.00E-02 1.65E-02 0.2085
5.00E-02 1.65E-02 0.19288
5.00E-02 1.65E-02 0.17725
5.00E-02 1.65E-02 0.16163
5.00E-02 1.65E-02 0.146
5.00E-02 1.65E-02 0.13038
5.00E-02 1.65E-02 0.11475
5.00E-02 1.65E-02 9.91E-02
5.00E-02 1.65E-02 8.35E-02
5.00E-02 1.65E-02 6.78E-02
5.00E-02 1.62E-02 5.22E-02
5.00E-02 1.56E-02 3.64E-02
5.00E-02 1.25E-02 2.10E-02
5.00E-02 2.87E-02 0.48978
5.00E-02 1.81E-02 0.49212
5.00E-02 3.09E-02 8.40E-03
5.00E-02 2.03E-02 1.02E-02
5.00E-02 4.02E-02 9.21E-03
5.00E-02 9.06E-03 9.36E-03
5.00E-02 9.28E-03 0.49135
5.00E-02 4.02E-02 0.49009
5.37E-03 1.28E-02 0.43837
1.54E-02 1.70E-02 0.44802
1.66E-02 1.66E-02 0.41665
1.19E-02 3.23E-02 0.22733
1.20E-02 1.90E-02 0.23999
2.50E-02 2.84E-02 0.23326
2.46E-02 4.12E-02 0.23571
2.77E-02 1.67E-02 0.22041
2.23E-02 3.33E-02 0.21709
3.17E-02 1.78E-02 0.48564
3.88E-02 8.13E-03 0.48561
2.24E-02 1.27E-02 0.48131
1.66E-02 1.66E-02 0.36976
3.30E-02 2.40E-02 0.46713
4.25E-02 2.54E-02 0.48511
2.23E-02 3.33E-02 0.4046
3.89E-02 2.24E-02 0.44787
2.72E-02 1.71E-02 0.45578
2.77E-02 1.67E-02 0.43929
3.79E-02 3.82E-02 0.48936
2.93E-02 3.75E-02 0.26051
3.42E-02 3.37E-02 0.22438
1.32E-02 2.32E-02 0.48715
2.49E-02 2.35E-02 0.25014
3.33E-02 3.31E-02 0.39939
3.39E-02 3.28E-02 0.38308
2.65E-02 2.09E-02 0.26719
3.62E-02 3.32E-02 0.27013
3.77E-02 1.99E-02 0.26046
2.23E-02 3.33E-02 0.27959
2.77E-02 1.67E-02 0.28291
1.77E-02 3.33E-02 2.31E-02
2.85E-02 3.34E-02 3.27E-02
2.40E-02 9.17E-03 0.26532
3.33E-02 3.30E-02 0.29002
1.27E-02 2.88E-02 0.26024
1.66E-02 1.66E-02 0.27602
2.07E-02 1.25E-02 0.23949
1.76E-02 3.42E-02 0.48716
3.00E-02 3.67E-02 1.51E-02
3.92E-02 4.04E-02 1.09E-02
3.63E-02 2.42E-02 2.52E-02
1.66E-02 1.66E-02 0.21351
3.16E-02 1.77E-02 1.33E-02
2.22E-02 1.64E-02 2.90E-02
2.70E-02 7.71E-03 1.75E-02
3.38E-02 1.64E-02 3.61E-02
1.67E-02 2.20E-02 7.28E-02
1.66E-02 1.66E-02 8.85E-02
2.77E-02 1.67E-02 0.17354
2.23E-02 3.33E-02 0.17022
1.66E-02 1.66E-02 0.18226
2.23E-02 3.33E-02 0.18585
3.36E-02 3.41E-02 0.47679
1.63E-02 2.81E-02 0.4725
2.77E-02 1.67E-02 0.12665
1.29E-02 9.79E-03 0.49072
2.77E-02 1.67E-02 7.98E-02
1.61E-02 1.78E-02 1.37E-02
1.26E-02 3.78E-02 1.05E-02
3.68E-02 9.21E-03 8.97E-03
3.66E-02 3.55E-02 0.45661
3.34E-02 3.32E-02 0.43066
2.27E-02 3.37E-02 0.4517
2.77E-02 1.67E-02 0.1579
2.23E-02 3.33E-02 0.43595
3.33E-02 3.31E-02 0.41503
2.23E-02 3.33E-02 0.42024
2.77E-02 1.67E-02 0.42356
3.33E-02 3.30E-02 0.30563
3.33E-02 3.30E-02 0.32127
2.23E-02 3.33E-02 0.31085
2.77E-02 1.67E-02 0.31415
2.23E-02 3.33E-02 0.29523
2.77E-02 1.67E-02 0.29853
3.33E-02 3.30E-02 0.16501
3.33E-02 3.30E-02 0.18064
1.66E-02 1.66E-02 0.16664
3.40E-02 3.34E-02 0.19662
2.77E-02 1.67E-02 0.18915
3.33E-02 3.30E-02 0.21189
2.23E-02 3.33E-02 0.20147
2.77E-02 1.67E-02 0.20477
1.66E-02 1.66E-02 0.30725
1.66E-02 1.66E-02 0.29164
3.33E-02 3.30E-02 0.35251
2.23E-02 3.33E-02 0.35772
3.40E-02 3.31E-02 0.36851
2.77E-02 1.67E-02 0.36103
2.23E-02 3.33E-02 0.3421
3.33E-02 3.30E-02 0.33689
2.77E-02 1.67E-02 0.3454
1.68E-02 1.65E-02 4.13E-02
2.27E-02 3.31E-02 4.47E-02
1.67E-02 2.22E-02 5.68E-02
2.79E-02 1.50E-02 4.83E-02
2.23E-02 3.33E-02 0.1546
1.66E-02 1.66E-02 0.19789
3.39E-02 3.21E-02 0.14999
1.66E-02 1.66E-02 0.15101
2.77E-02 1.67E-02 0.14228
2.77E-02 1.66E-02 6.41E-02
2.77E-02 1.67E-02 0.40791
1.64E-02 1.70E-02 0.43236
2.23E-02 3.33E-02 0.38897
2.23E-02 3.33E-02 0.37335
2.77E-02 1.67E-02 0.37665
1.66E-02 1.66E-02 0.38539
1.66E-02 1.66E-02 0.40101
2.23E-02 3.33E-02 9.21E-02
2.23E-02 3.33E-02 7.64E-02
3.33E-02 2.75E-02 7.30E-02
2.24E-02 3.33E-02 6.07E-02
1.66E-02 1.66E-02 0.35414
2.77E-02 1.67E-02 9.54E-02
3.34E-02 2.76E-02 5.71E-02
2.77E-02 1.67E-02 0.39229
1.66E-02 1.66E-02 0.13539
2.23E-02 3.33E-02 0.13897
2.23E-02 3.33E-02 0.12335
3.33E-02 3.30E-02 0.11814
2.77E-02 1.67E-02 0.11103
1.66E-02 1.66E-02 0.11975
3.33E-02 3.30E-02 0.13377
2.77E-02 1.67E-02 0.32978
2.23E-02 3.33E-02 0.32646
1.66E-02 1.66E-02 0.33851
3.33E-02 3.30E-02 0.10252
1.66E-02 1.66E-02 0.10414
1.58E-02 1.68E-02 0.32351
2.23E-02 3.33E-02 0.10771
3.33E-02 3.31E-02 8.69E-02
