0.0000000000 0.1000000000 0.0000000000
0.0000000000 0.0000000000 0.0000000000
1.0000000000 0.1000000000 0.0000000000
0.9000000000 0.1000000000 0.0000000000
0.8000000000 0.1000000000 0.0000000000
0.7000000000 0.1000000000 0.0000000000
0.6000000000 0.1000000000 0.0000000000
0.5000000000 0.1000000000 0.0000000000
0.4000000000 0.1000000000 0.0000000000
0.3000000000 0.1000000000 0.0000000000
0.2000000000 0.1000000000 0.0000000000
0.1000000000 0.1000000000 0.0000000000
1.0000000000 0.0000000000 0.0000000000
0.1000000000 0.0000000000 0.0000000000
0.2000000000 0.0000000000 0.0000000000
0.3000000000 0.0000000000 0.0000000000
0.4000000000 0.0000000000 0.0000000000
0.5000000000 0.0000000000 0.0000000000
0.6000000000 0.0000000000 0.0000000000
0.7000000000 0.0000000000 0.0000000000
0.8000000000 0.0000000000 0.0000000000
0.9000000000 0.0000000000 0.0000000000
0.0500000000 0.0500000000 0.0000000000
0.9500000000 0.0500000000 0.0000000000
0.5500000000 0.0000000000 0.6500000000
0.3500000000 0.0000000000 0.5500000000
0.4683012702 0.0000000000 0.6549038106
0.3950961894 0.0000000000 0.6183012701
0.3500000000 0.1000000000 0.5500000000
0.5500000000 0.1000000000 0.6500000000
0.4683012702 0.1000000000 0.6549038106
0.3950961894 0.1000000000 0.6183012701
0.4292893207 0.0500000015 0.6414213557
0.4934685722 0.0500000003 0.6579789241
0.3775357171 0.0500000003 0.6000124963
0.4500000000 0.0000000000 0.3500000000
0.3450961894 0.0000000000 0.4683012702
0.3816987299 0.0000000000 0.3950961894
0.4500000000 0.1000000000 0.3500000000
0.3450961894 0.1000000000 0.4683012702
0.3816987299 0.1000000000 0.3950961894
0.3585786432 0.0500000015 0.4292893230
0.3420210759 0.0500000003 0.4934685727
0.3999875034 0.0500000003 0.3775357174
0.6500000000 0.0000000000 0.4500000000
0.5316987298 0.0000000000 0.3450961894
0.6049038106 0.0000000000 0.3816987299
0.6500000000 0.1000000000 0.4500000000
0.5316987298 0.1000000000 0.3450961894
0.6049038106 0.1000000000 0.3816987299
0.5707106770 0.0500000015 0.3585786432
0.6224642826 0.0500000003 0.3999875034
0.5065314273 0.0500000003 0.3420210759
0.6549038106 0.0000000000 0.5316987298
0.6183012701 0.0000000000 0.6049038106
0.6549038106 0.1000000000 0.5316987298
0.6183012701 0.1000000000 0.6049038106
0.6414213568 0.0500000015 0.5707106770
0.6000124966 0.0500000003 0.6224642826
0.6579789241 0.0500000003 0.5065314273
0.0000000000 0.0000000000 1.0000000000
1.0000000000 0.0000000000 1.0000000000
0.1000000000 0.0000000000 1.0000000000
0.2000000000 0.0000000000 1.0000000000
0.3000000000 0.0000000000 1.0000000000
0.4000000000 0.0000000000 1.0000000000
0.5000000000 0.0000000000 1.0000000000
0.6000000000 0.0000000000 1.0000000000
0.7000000000 0.0000000000 1.0000000000
0.8000000000 0.0000000000 1.0000000000
0.9000000000 0.0000000000 1.0000000000
1.0000000000 0.1000000000 1.0000000000
0.0000000000 0.1000000000 1.0000000000
0.9000000000 0.1000000000 1.0000000000
0.8000000000 0.1000000000 1.0000000000
0.7000000000 0.1000000000 1.0000000000
0.6000000000 0.1000000000 1.0000000000
0.5000000000 0.1000000000 1.0000000000
0.4000000000 0.1000000000 1.0000000000
0.3000000000 0.1000000000 1.0000000000
0.2000000000 0.1000000000 1.0000000000
0.1000000000 0.1000000000 1.0000000000
0.9500000000 0.0500000000 1.0000000000
0.0500000000 0.0500000000 1.0000000000
0.0000000000 0.0000000000 0.9000000000
0.0000000000 0.0000000000 0.8000000000
0.0000000000 0.0000000000 0.7000000000
0.0000000000 0.0000000000 0.6000000000
0.0000000000 0.0000000000 0.5000000000
0.0000000000 0.0000000000 0.4000000000
0.0000000000 0.0000000000 0.3000000000
0.0000000000 0.0000000000 0.2000000000
0.0000000000 0.0000000000 0.1000000000
1.0000000000 0.0000000000 0.1000000000
1.0000000000 0.0000000000 0.2000000000
1.0000000000 0.0000000000 0.3000000000
1.0000000000 0.0000000000 0.4000000000
1.0000000000 0.0000000000 0.5000000000
1.0000000000 0.0000000000 0.6000000000
1.0000000000 0.0000000000 0.7000000000
1.0000000000 0.0000000000 0.8000000000
1.0000000000 0.0000000000 0.9000000000
0.3763727175 0.0000000000 0.3127580061
0.3164594443 0.0000000000 0.4137307132
0.2973224789 0.0000000000 0.5137284235
0.3185927214 0.0000000000 0.6220969431
0.4139700245 0.0000000000 0.6839154717
0.5137284235 0.0000000000 0.7026775211
0.6236272825 0.0000000000 0.6872419939
0.6839154717 0.0000000000 0.5860299755
0.7026775211 0.0000000000 0.4862715765
0.6872419939 0.0000000000 0.3763727175
0.5868693052 0.0000000000 0.3160238465
0.4890092867 0.0000000000 0.2990604336
0.9227373252 0.0000000000 0.8557647529
0.9153128273 0.0000000000 0.7549848160
0.9173979931 0.0000000000 0.6517797180
0.9186984797 0.0000000000 0.5500000000
0.9193514456 0.0000000000 0.4472959532
0.9179848797 0.0000000000 0.3449690967
0.9155604814 0.0000000000 0.2434824602
0.9226398184 0.0000000000 0.1441323841
0.0774227624 0.0000000000 0.1441237171
0.0847367450 0.0000000000 0.2435092494
0.0827591044 0.0000000000 0.3479542786
0.0813015203 0.0000000000 0.4500000000
0.0806639278 0.0000000000 0.5526942338
0.0820227528 0.0000000000 0.6550260315
0.0844412948 0.0000000000 0.7565164061
0.0773601816 0.0000000000 0.8558676159
0.8562589752 0.0000000000 0.9222585148
0.7558444366 0.0000000000 0.9157451250
0.6537629173 0.0000000000 0.9179159394
0.5526388836 0.0000000000 0.9192434248
0.4512513012 0.0000000000 0.9193541513
0.3485580235 0.0000000000 0.9175134298
0.2444645171 0.0000000000 0.9154209416
0.1425323457 0.0000000000 0.9231982267
0.8560483232 0.0000000000 0.0776136005
0.7551826384 0.0000000000 0.0843651475
0.6523736901 0.0000000000 0.0828742136
0.5500000000 0.0000000000 0.0813015203
0.4488435825 0.0000000000 0.0803915058
0.3470478713 0.0000000000 0.0815586412
0.2441417596 0.0000000000 0.0839447403
0.1425552788 0.0000000000 0.0767353937
0.2598390348 0.0000000000 0.3349321032
0.4418524008 0.0000000000 0.2327424913
0.2384430040 0.0000000000 0.4545744904
0.2355946070 0.0000000000 0.5615237781
0.3371386192 0.0000000000 0.7403902423
0.4550480307 0.0000000000 0.7619571120
0.5615579654 0.0000000000 0.7644589524
0.7380432213 0.0000000000 0.6624259071
0.7619601795 0.0000000000 0.5451681550
0.7644589524 0.0000000000 0.4384420346
0.6633778158 0.0000000000 0.2613559693
0.5472625672 0.0000000000 0.2377420682
0.8189261833 0.0000000000 0.8181155632
0.8314224596 0.0000000000 0.7071560023
0.8384430571 0.0000000000 0.5996649121
0.8403148939 0.0000000000 0.4952305575
0.8389772492 0.0000000000 0.3908122903
0.8340201019 0.0000000000 0.2882238762
0.8208137598 0.0000000000 0.1781589108
0.1793802607 0.0000000000 0.1780229619
0.1688583423 0.0000000000 0.2909545386
0.1633690149 0.0000000000 0.3986352312
0.1600697025 0.0000000000 0.5044334189
0.1610461408 0.0000000000 0.6091727797
0.1659851532 0.0000000000 0.7117727694
0.1789340767 0.0000000000 0.8219258647
0.7105006974 0.0000000000 0.8336974172
0.6089271343 0.0000000000 0.8387734596
0.5045338355 0.0000000000 0.8401585650
0.4003350879 0.0000000000 0.8384430571
0.2920662167 0.0000000000 0.8322016136
0.7084461591 0.0000000000 0.1689005635
0.6028717986 0.0000000000 0.1644664234
0.4975310601 0.0000000000 0.1593953020
0.3929934454 0.0000000000 0.1594442684
0.2903206367 0.0000000000 0.1636627093
0.3323651209 0.0000000000 0.2389149608
0.2437166649 0.0000000000 0.6671289660
0.6705685064 0.0000000000 0.7571664592
0.7571540905 0.0000000000 0.3255918226
0.2446327958 0.0000000000 0.2398071486
0.2439427480 0.0000000000 0.7578172834
0.7563655922 0.0000000000 0.7545538518
0.7560572520 0.0000000000 0.2421827166
0.0639956082 0.0000000000 0.0641718222
0.9358864764 0.0000000000 0.0640834246
0.0639785055 0.0000000000 0.9358131685
0.9359362486 0.0000000000 0.9358730727
1.0000000000 0.1000000000 0.1000000000
1.0000000000 0.1000000000 0.2000000000
1.0000000000 0.1000000000 0.3000000000
1.0000000000 0.1000000000 0.4000000000
1.0000000000 0.1000000000 0.5000000000
1.0000000000 0.1000000000 0.6000000000
1.0000000000 0.1000000000 0.7000000000
1.0000000000 0.1000000000 0.8000000000
1.0000000000 0.1000000000 0.9000000000
0.0000000000 0.1000000000 0.9000000000
0.0000000000 0.1000000000 0.8000000000
0.0000000000 0.1000000000 0.7000000000
0.0000000000 0.1000000000 0.6000000000
0.0000000000 0.1000000000 0.5000000000
0.0000000000 0.1000000000 0.4000000000
0.0000000000 0.1000000000 0.3000000000
0.0000000000 0.1000000000 0.2000000000
0.0000000000 0.1000000000 0.1000000000
0.6236272825 0.1000000000 0.6872419939
0.6839154717 0.1000000000 0.5860299755
0.7026775211 0.1000000000 0.4862715765
0.6814111043 0.1000000000 0.3779006150
0.5860299755 0.1000000000 0.3160845283
0.4862715765 0.1000000000 0.2973224789
0.3763727175 0.1000000000 0.3127580061
0.3160845283 0.1000000000 0.4139700245
0.2973224789 0.1000000000 0.5137284235
0.3127580061 0.1000000000 0.6236272825
0.4131620527 0.1000000000 0.6839579546
0.5112154446 0.1000000000 0.7008091414
0.0772626748 0.1000000000 0.1442352471
0.0846871727 0.1000000000 0.2450151840
0.0826020069 0.1000000000 0.3482202820
0.0813015203 0.1000000000 0.4500000000
0.0806485544 0.1000000000 0.5527040468
0.0820151203 0.1000000000 0.6550309034
0.0844395186 0.1000000000 0.7565175398
0.0773601816 0.1000000000 0.8558676159
0.9227373252 0.1000000000 0.8557647529
0.9153128273 0.1000000000 0.7549848160
0.9173979931 0.1000000000 0.6517797180
0.9186984797 0.1000000000 0.5500000000
0.9193514456 0.1000000000 0.4472959532
0.9179848797 0.1000000000 0.3449690967
0.9155604814 0.1000000000 0.2434824602
0.9226398184 0.1000000000 0.1441323841
0.1439516768 0.1000000000 0.9223863995
0.2448173616 0.1000000000 0.9156348525
0.3476315362 0.1000000000 0.9171227533
0.4500000000 0.1000000000 0.9186984797
0.5514865532 0.1000000000 0.9194127586
0.6537950433 0.1000000000 0.9179152669
0.7566071415 0.1000000000 0.9155661998
0.8577251042 0.1000000000 0.9230729164
0.1437410248 0.1000000000 0.0777414852
0.2441555634 0.1000000000 0.0842548750
0.3462370827 0.1000000000 0.0820840606
0.4473611164 0.1000000000 0.0807565752
0.5487486988 0.1000000000 0.0806458487
0.6514419765 0.1000000000 0.0824865702
0.7555354829 0.1000000000 0.0845790584
0.8574676543 0.1000000000 0.0768017733
0.5592764823 0.1000000000 0.7666023505
0.7380144361 0.1000000000 0.6624578600
0.7619601795 0.1000000000 0.5451681550
0.7644589524 0.1000000000 0.4384420346
0.6628616660 0.1000000000 0.2596095757
0.5449519693 0.1000000000 0.2380428880
0.4384420346 0.1000000000 0.2355410476
0.2619567787 0.1000000000 0.3375740929
0.2380398205 0.1000000000 0.4548318450
0.2355410476 0.1000000000 0.5615579654
0.3366580217 0.1000000000 0.7386232320
0.4529255800 0.1000000000 0.7621487388
0.1810738167 0.1000000000 0.1818844368
0.1685775404 0.1000000000 0.2928439977
0.1615569429 0.1000000000 0.4003350879
0.1596851061 0.1000000000 0.5047694425
0.1610227508 0.1000000000 0.6091877097
0.1659798981 0.1000000000 0.7117761238
0.1791862402 0.1000000000 0.8218410892
0.8189261833 0.1000000000 0.8181155632
0.8314224596 0.1000000000 0.7071560023
0.8384430571 0.1000000000 0.5996649121
0.8403148939 0.1000000000 0.4952305575
0.8389772492 0.1000000000 0.3908122903
0.8340201019 0.1000000000 0.2882238762
0.8210669278 0.1000000000 0.1780734942
0.2915659112 0.1000000000 0.8310924314
0.3971595592 0.1000000000 0.8355153778
0.5030413743 0.1000000000 0.8402676523
0.6074000710 0.1000000000 0.8392282086
0.7105768402 0.1000000000 0.8337948699
0.2894993026 0.1000000000 0.1663025828
0.3910728657 0.1000000000 0.1612265404
0.4954661645 0.1000000000 0.1598414350
0.5996649121 0.1000000000 0.1615569429
0.7079339507 0.1000000000 0.1677982796
0.6703670097 0.1000000000 0.7573901294
0.7562977210 0.1000000000 0.3328618514
0.3294314936 0.1000000000 0.2428335408
0.2428459095 0.1000000000 0.6744081774
0.7563655922 0.1000000000 0.7545538518
0.7560572520 0.1000000000 0.2421827166
0.2436344078 0.1000000000 0.2454461482
0.2439427480 0.1000000000 0.7578172834
0.0640637514 0.1000000000 0.0641269273
0.9360214946 0.1000000000 0.0641868315
0.9360924859 0.1000000000 0.9357675339
0.0641135236 0.1000000000 0.9359165754
0.0000000000 0.0500000000 0.0500000000
0.0000000000 0.0500000000 0.9500000000
1.0000000000 0.0500000000 0.0500000000
1.0000000000 0.0500000000 0.9500000000
0.4398256540 0.0338228568 0.9679067731
0.3358705938 0.0507376976 0.9618728161
0.3332169354 0.0346198864 0.0302878395
0.5943107009 0.0338575020 0.9513534307
0.4080120921 0.0345804356 0.2198051959
0.4838644266 0.0500000305 0.2666356862
0.4462199211 0.0500000305 0.8004071712
0.3109989762 0.0356648676 0.6715604663
0.3588534594 0.0312500037 0.1363743991
0.3289482594 0.0341754407 0.2843981385
0.2468963116 0.0500000305 0.1541626453
0.7163137794 0.0351805948 0.1198361069
0.1343075037 0.0320940092 0.8834007978
0.2264149636 0.0500000305 0.8128182292
0.1071841419 0.0500000305 0.3834170699
0.0573278777 0.0670830384 0.3123422265
0.6944703460 0.0368644297 0.2387154847
0.6455197930 0.0648093522 0.3046984673
0.7912724614 0.0461407527 0.2847803235
0.1847104430 0.0500000305 0.7548086047
0.1892900765 0.0500000305 0.6790425777
0.0873948857 0.0516593345 0.1061186790
0.5913274288 0.0409348644 0.0469700918
0.9205709696 0.0630391613 0.9110722542
0.6294363141 0.0317374393 0.7368744612
0.5659080744 0.0351305865 0.8036795855
0.1997335851 0.0500000305 0.4469313324
0.6118222475 0.0337120295 0.1215495244
0.8384558558 0.0536214709 0.0258596987
0.2579319477 0.0318748206 0.4938404858
