1 24 25 43 26
2 42 46 41 32
3 16 43 46 42
4 44 39 7 8
5 35 43 31 46
6 43 31 46 42
7 43 27 13 36
8 43 36 17 46
9 43 35 36 46
10 43 35 19 36
11 8 44 6 7
12 41 45 44 39
13 14 38 40 41
14 41 44 33 30
15 44 41 39 30
16 41 39 30 38
17 45 14 4 18
18 45 39 7 44
19 45 40 7 39
20 44 39 34 30
21 22 35 19 43
22 39 3 8 1
23 41 46 15 38
24 28 36 46 37
25 17 36 12 46
26 36 12 46 37
27 35 28 36 46
28 37 38 46 29
29 37 38 11 46
30 7 44 6 45
31 38 15 14 11
32 39 40 7 3
33 39 34 1 8
34 36 35 19 28
35 44 39 8 34
36 30 41 32 33
37 44 33 30 34
38 40 18 7 2
39 34 8 5 1
40 42 46 32 31
41 10 14 38 40
42 41 32 46 38
43 32 29 31 46
44 38 46 15 11
45 37 28 29 46
46 44 5 8 6
47 39 30 1 34
48 29 28 31 46
49 38 32 46 29
50 38 30 41 32
51 43 35 31 22
52 28 31 46 35
53 43 27 36 25
54 45 7 40 18
55 24 43 25 23
56 19 43 26 22
57 36 26 25 20
58 43 27 23 13
59 36 20 19 26
60 36 21 20 25
61 36 43 26 19
62 36 27 21 25
63 36 21 27 9
64 43 27 25 23
65 13 36 17 43
66 36 27 13 9
67 43 36 26 25
68 9 36 17 13
69 42 46 16 15
70 45 18 40 14
71 41 40 45 39
72 15 12 11 46
73 41 38 15 14
74 37 12 46 11
75 43 17 13 16
76 15 12 46 16
77 17 16 43 46
78 16 12 46 17
79 36 12 9 17
80 30 29 32 38
81 40 14 41 45
82 44 5 34 8
83 45 7 18 4
84 41 40 39 38
85 38 11 14 10
86 39 7 8 3
87 40 2 10 18
88 44 5 33 34
89 45 4 6 7
90 18 4 7 2
91 40 10 14 18
92 42 41 46 15
93 24 43 22 26
94 40 3 2 7
