1 61 454 455 178
2 454 62 178 61
3 454 62 61 375
4 177 374 456 63
5 457 458 459 460
6 331 263 236 235
7 457 459 461 462
8 461 457 458 459
9 331 457 360 330
10 457 262 462 330
11 262 263 236 331
12 457 462 460 459
13 345 277 222 221
14 53 463 464 465
15 466 340 370 341
16 464 53 181 52
17 465 53 181 464
18 467 416 468 463
19 469 274 284 285
20 465 464 467 463
21 470 471 472 123
22 50 463 473 468
23 463 51 468 50
24 463 416 468 447
25 463 51 464 447
26 295 474 264 460
27 295 475 401 460
28 476 378 347 377
29 460 459 401 477
30 460 477 474 264
31 478 479 285 392
32 264 235 263 332
33 460 459 462 475
34 460 462 296 475
35 480 481 429 482
36 480 482 477 474
37 480 481 483 484
38 480 483 481 474
39 485 486 250 251
40 480 477 482 487
41 481 204 399 400
42 481 483 488 292
43 481 482 400 429
44 480 474 481 482
45 480 482 134 487
46 480 483 474 489
47 473 468 386 446
48 473 468 446 50
49 54 50 463 473
50 38 57 453 50
51 57 453 50 473
52 482 401 474 400
53 481 400 482 474
54 482 430 429 106
55 480 134 482 429
56 480 490 487 134
57 480 489 474 477
58 464 120 452 187
59 119 417 121 464
60 464 416 120 119
61 121 465 464 467
62 464 181 465 121
63 458 164 461 491
64 136 461 164 491
65 75 164 458 165
66 458 165 362 75
67 459 491 136 477
68 164 458 165 491
69 166 165 362 458
70 135 477 136 165
71 473 492 54 49
72 460 295 263 264
73 493 448 19 494
74 19 495 448 493
75 494 493 309 313
76 494 188 315 309
77 494 7 315 28
78 494 493 22 19
79 494 19 28 448
80 458 264 460 457
81 477 264 460 458
82 496 461 457 458
83 334 266 233 232
84 460 296 295 475
85 460 401 459 475
86 491 459 461 458
87 332 458 457 264
88 473 218 316 453
89 495 497 498 485
90 495 497 499 498
91 493 497 19 495
92 495 485 493 497
93 495 445 497 449
94 495 500 445 444
95 495 500 444 414
96 495 500 414 486
97 501 351 502 322
98 458 489 362 363
99 458 363 166 477
100 491 459 458 477
101 496 458 164 461
102 194 409 303 410
103 503 504 505 506
104 458 477 166 165
105 458 75 361 164
106 473 492 280 507
107 476 463 53 465
108 492 476 347 508
109 492 507 279 280
110 465 476 463 508
111 477 401 460 474
112 482 430 400 429
113 205 293 399 292
114 474 204 294 293
115 481 474 293 204
116 474 400 401 294
117 481 474 483 293
118 323 255 244 243
119 489 266 334 483
120 509 439 438 143
121 489 332 333 264
122 489 364 490 334
123 489 490 364 363
124 480 489 487 490
125 489 363 333 362
126 474 477 489 264
127 233 266 334 489
128 489 265 333 233
129 480 489 490 483
130 476 510 53 46
131 511 147 442 146
132 476 377 465 510
133 476 508 377 347
134 493 250 485 486
135 497 25 512 485
136 493 19 497 25
137 494 309 315 313
138 513 485 250 318
139 485 380 318 513
140 26 21 9 314
141 513 249 314 382
142 513 382 26 381
143 495 500 486 498
144 493 250 513 485
145 495 493 485 486
146 494 28 315 450
147 499 514 183 17
148 499 512 18 184
149 499 512 184 151
150 499 149 498 151
151 497 150 514 445
152 445 497 150 495
153 499 498 149 500
154 463 492 476 54
155 463 492 507 508
156 473 386 468 507
157 464 447 452 416
158 463 507 473 468
159 473 492 310 280
160 468 50 51 37
161 468 447 37 51
162 513 512 485 380
163 499 512 151 498
164 512 18 184 27
165 512 27 383 23
166 348 380 318 485
167 512 151 498 348
168 512 380 383 348
169 515 388 470 516
170 515 470 417 467
171 515 470 467 471
172 515 517 470 471
173 515 417 470 388
174 363 73 166 487
175 489 363 487 490
176 487 166 477 135
177 165 477 166 135
178 487 73 166 167
179 482 430 431 401
180 482 134 487 135
181 465 471 467 121
182 465 510 182 53
183 464 452 447 56
184 465 510 180 182
185 514 20 29 17
186 495 500 498 499
187 514 449 451 20
188 180 510 384 186
189 476 465 53 510
190 510 378 377 384
191 476 465 377 508
192 518 436 141 437
193 389 282 283 516
194 419 470 123 418
195 519 516 517 472
196 515 467 387 507
197 516 419 520 390
198 516 283 520 521
199 516 520 522 521
200 523 524 290 525
201 397 523 291 398
202 291 397 206 207
203 523 526 427 426
204 523 527 525 291
205 523 488 398 427
206 523 528 527 488
207 199 405 298 299
208 529 299 300 504
209 529 197 198 406
210 405 299 198 530
211 506 260 328 329
212 503 518 531 504
213 503 505 504 531
214 530 532 298 506
215 530 533 435 434
216 530 434 532 533
217 532 534 297 535
218 532 534 536 433
219 532 433 536 434
220 197 529 407 406
221 530 299 506 298
222 298 405 404 532
223 511 155 154 146
224 530 532 434 405
225 537 527 525 528
226 527 484 538 483
227 527 292 483 267
228 527 525 268 336
229 527 483 335 267
230 527 335 538 336
231 539 287 540 541
232 209 394 288 395
233 394 288 395 539
234 539 542 424 423
235 539 540 288 543
236 539 544 395 424
237 539 545 540 543
238 546 319 547 485
239 485 498 546 348
240 88 348 349 546
241 546 547 320 548
242 546 349 87 350
243 498 546 149 500
244 503 533 530 506
245 546 549 548 153
246 546 149 500 549
247 504 506 299 260
248 504 259 550 327
249 504 328 506 260
250 504 550 531 327
251 505 551 329 359
252 529 552 518 550
253 553 518 554 550
254 554 550 518 552
255 553 554 518 159
256 501 511 154 555
257 390 283 284 520
258 390 284 391 520
259 213 390 284 391
260 520 522 420 419
261 520 521 284 469
262 520 478 391 420
263 520 521 469 556
264 472 519 455 517
265 472 522 177 557
266 472 124 522 419
267 472 455 178 471
268 550 552 301 300
269 505 506 504 328
270 504 328 327 531
271 558 559 560 561
272 558 341 559 561
273 558 562 469 342
274 558 559 341 273
275 558 469 274 342
276 457 458 361 496
277 496 462 536 535
278 496 462 535 330
279 457 496 330 462
280 496 461 163 536
281 299 405 198 199
282 77 360 496 551
283 502 322 563 564
284 501 153 555 154
285 501 548 153 351
286 501 565 511 555
287 501 548 321 566
288 501 322 564 321
289 540 559 340 466
290 540 543 567 339
291 540 559 272 340
292 540 271 543 339
293 547 485 251 486
294 547 308 486 251
295 547 566 307 252
296 547 320 566 252
297 511 555 147 154
298 511 568 155 146
299 352 154 85 351
300 502 154 511 155
301 502 568 511 563
302 521 556 456 469
303 516 519 517 282
304 503 140 161 160
305 521 519 283 276
306 521 469 275 284
307 546 547 319 320
308 443 500 444 148
309 497 514 449 445
310 569 500 414 443
311 495 414 415 486
312 546 149 549 152
313 148 500 444 149
314 445 149 444 500
315 91 445 149 444
316 519 277 517 282
317 521 343 456 344
318 472 471 517 455
319 519 517 277 345
320 519 517 345 455
321 519 344 557 345
322 463 468 467 507
323 99 141 100 436
324 460 263 295 296
325 515 508 281 517
326 507 515 508 281
327 515 281 507 387
328 266 265 489 233
329 467 507 386 387
330 470 467 471 417
331 121 417 122 471
332 469 274 342 343
333 468 416 467 386
334 520 420 556 478
335 556 478 421 570
336 556 469 478 570
337 509 571 572 573
338 574 509 573 575
339 576 509 158 157
340 554 509 158 571
341 509 575 144 157
342 554 509 571 572
343 500 414 486 547
344 546 152 549 153
345 569 547 548 566
346 414 569 547 500
347 497 18 499 512
348 549 555 548 153
349 554 142 518 159
350 571 356 355 81
351 576 325 571 573
352 571 326 572 325
353 576 157 158 82
354 81 571 82 355
355 401 475 431 459
356 462 297 534 535
357 460 462 263 296
358 462 535 330 262
359 473 49 50 57
360 302 577 408 301
361 492 279 507 508
362 507 387 217 386
363 507 508 279 281
364 507 218 386 217
365 473 386 453 446
366 529 552 550 300
367 531 79 161 505
368 503 529 518 504
369 503 160 518 141
370 80 531 79 160
371 503 161 140 533
372 531 79 160 161
373 505 531 358 328
374 578 524 526 579
375 578 543 580 545
376 546 319 485 349
377 318 485 250 319
378 314 21 9 312
379 513 250 314 249
380 495 493 486 415
381 512 23 380 24
382 497 18 512 25
383 497 150 495 499
384 380 513 381 318
385 513 382 314 26
386 513 318 382 381
387 493 513 21 25
388 456 522 557 177
389 556 176 125 522
390 556 175 562 570
391 456 562 64 373
392 456 562 176 64
393 456 562 343 469
394 575 440 568 581
395 575 568 156 582
396 575 568 440 145
397 576 571 82 158
398 576 158 509 571
399 575 582 156 157
400 524 289 579 544
401 523 291 525 290
402 523 524 526 426
403 290 397 396 524
404 409 303 410 574
405 578 544 524 579
406 578 583 579 526
407 511 147 146 154
408 523 397 524 426
409 540 567 542 466
410 540 559 541 287
411 559 560 466 542
412 559 561 466 560
413 559 340 466 341
414 559 541 287 286
415 149 444 92 91
416 558 559 273 286
417 578 579 580 543
418 578 580 171 545
419 579 543 338 580
420 579 337 525 583
421 579 543 270 338
422 579 525 337 269
423 539 540 287 288
424 540 272 559 287
425 543 544 289 288
426 543 338 580 339
427 539 544 543 288
428 578 544 543 545
429 539 540 542 541
430 540 340 339 567
431 517 508 278 346
432 515 467 507 508
433 467 508 515 471
434 517 508 281 278
435 497 25 20 17
436 569 500 443 549
437 569 547 566 307
438 485 349 318 348
439 485 319 318 349
440 486 308 309 250
441 495 415 449 448
442 546 486 547 500
443 461 536 433 138
444 459 431 461 475
445 491 136 165 164
446 264 458 489 332
447 461 475 431 432
448 461 163 536 138
449 534 200 201 403
450 534 296 475 201
451 462 297 535 262
452 534 475 403 201
453 461 534 475 432
454 532 404 534 433
455 534 475 432 403
456 462 535 534 536
457 457 496 462 461
458 573 257 572 302
459 573 325 572 257
460 573 256 584 324
461 571 573 325 572
462 576 354 324 582
463 553 531 357 80
464 574 409 577 438
465 553 531 80 160
466 550 572 326 258
467 509 575 439 144
468 573 572 577 302
469 554 572 550 552
470 572 577 302 301
471 550 572 301 552
472 553 554 571 572
473 502 582 568 563
474 568 585 440 441
475 511 585 441 565
476 502 155 568 156
477 575 568 145 156
478 540 541 559 542
479 466 560 173 542
480 466 567 67 370
481 466 567 173 67
482 563 304 585 305
483 563 585 564 305
484 563 255 584 304
485 563 564 322 254
486 563 584 255 323
487 568 563 584 581
488 511 568 585 563
489 569 565 442 413
490 565 585 305 564
491 565 585 412 305
492 543 339 580 567
493 580 567 339 369
494 578 526 426 131
495 578 171 580 583
496 580 69 583 171
497 580 583 69 368
498 579 583 580 338
499 462 534 296 475
500 535 298 506 261
501 496 536 551 535
502 535 533 551 506
503 568 563 581 585
504 575 440 581 439
505 409 302 303 574
506 585 412 441 565
507 565 306 564 305
508 575 568 582 584
509 305 412 411 585
510 569 565 306 566
511 511 565 442 555
512 511 568 146 441
513 568 440 585 581
514 585 411 581 440
515 72 365 538 490
516 490 72 168 538
517 538 72 168 71
518 490 335 538 483
519 527 525 291 268
520 527 484 483 488
521 461 534 433 536
522 551 359 77 360
523 505 78 359 358
524 532 536 534 535
525 496 360 330 551
526 505 78 162 551
527 551 78 162 77
528 505 329 551 506
529 511 585 568 441
530 193 305 411 304
531 194 304 410 303
532 304 410 303 581
533 502 582 84 156
534 576 573 509 575
535 568 584 563 582
536 574 575 584 581
537 477 459 431 136
538 304 411 410 581
539 524 544 425 396
540 580 545 567 172
541 578 579 583 580
542 524 525 579 290
543 544 545 425 424
544 289 395 288 544
545 209 289 395 288
546 208 289 396 395
547 289 396 395 544
548 537 525 337 583
549 578 524 544 425
550 579 337 583 338
551 501 566 565 555
552 569 549 443 555
553 549 443 555 148
554 511 147 555 442
555 501 511 565 564
556 569 565 566 555
557 411 585 412 441
558 502 582 323 353
559 574 573 302 303
560 554 552 518 437
561 574 303 581 584
562 397 290 291 523
563 195 302 409 408
564 574 439 509 575
565 577 552 437 408
566 539 540 545 542
567 541 422 479 560
568 541 286 211 287
569 211 541 479 286
570 559 541 286 479
571 539 541 423 394
572 287 394 393 541
573 574 302 573 577
574 532 533 535 506
575 503 531 160 161
576 553 356 80 357
577 333 332 489 362
578 504 550 518 531
579 459 461 462 475
580 505 551 533 506
581 78 359 551 505
582 535 551 533 536
583 535 329 551 330
584 535 551 329 506
585 285 391 284 478
586 213 285 391 284
587 556 126 570 421
588 516 283 521 519
589 516 519 521 522
590 520 522 521 556
591 478 421 479 392
592 558 559 286 479
593 558 478 479 285
594 556 478 420 421
595 367 170 70 366
596 578 583 170 171
597 539 545 543 544
598 579 583 525 526
599 523 527 528 525
600 539 544 424 545
601 583 69 368 367
602 523 488 527 291
603 537 526 525 583
604 548 350 153 351
605 523 526 524 525
606 527 488 292 291
607 578 426 524 425
608 580 583 368 338
609 517 455 346 345
610 470 122 123 118
611 283 390 389 516
612 521 522 557 456
613 456 176 522 177
614 472 522 124 177
615 516 419 472 522
616 520 556 420 522
617 557 177 374 456
618 556 469 570 562
619 556 562 175 176
620 376 346 508 471
621 471 346 508 517
622 472 455 519 557
623 470 472 471 517
624 574 581 303 410
625 472 178 455 557
626 454 345 557 374
627 296 402 295 475
628 62 177 63 374
629 454 455 178 557
630 501 566 555 548
631 569 566 548 555
632 501 555 153 548
633 547 548 566 320
634 501 564 566 321
635 548 566 320 321
636 553 550 327 531
637 552 518 437 436
638 529 300 299 198
639 552 529 407 197
640 552 301 300 197
641 574 575 581 439
642 301 408 407 552
643 536 162 138 163
644 569 413 443 414
645 566 564 253 321
646 566 253 564 306
647 547 308 251 307
648 547 320 252 251
649 575 581 568 584
650 574 509 438 577
651 563 585 304 581
652 502 563 323 582
653 563 581 304 584
654 83 576 82 157
655 511 564 563 585
656 582 584 323 324
657 576 584 582 324
658 582 354 353 83
659 502 84 352 155
660 502 155 156 84
661 479 570 422 421
662 547 307 251 252
663 392 285 286 479
664 541 479 422 393
665 479 211 286 392
666 393 211 541 479
667 476 379 347 378
668 476 47 378 46
669 473 316 218 280
670 465 471 121 179
671 517 455 471 346
672 346 455 471 376
673 516 520 419 522
674 508 220 346 347
675 492 310 279 317
676 492 49 310 48
677 508 347 279 220
678 521 556 522 456
679 556 175 570 126
680 562 469 342 343
681 64 456 63 176
682 558 561 562 342
683 562 561 65 372
684 562 561 175 65
685 456 562 373 343
686 481 292 488 399
687 527 483 292 488
688 490 538 484 483
689 482 430 106 135
690 481 488 483 484
691 481 293 483 292
692 474 294 265 293
693 474 266 483 293
694 487 134 166 135
695 480 483 490 484
696 363 487 477 489
697 566 307 252 306
698 479 422 570 560
699 570 560 174 561
700 570 560 422 127
701 558 560 570 561
702 558 469 562 570
703 556 456 176 522
704 570 561 174 175
705 521 519 276 344
706 540 543 271 288
707 545 172 542 567
708 539 423 541 542
709 578 131 170 526
710 578 579 543 544
711 539 545 424 542
712 579 290 525 269
713 578 425 544 545
714 558 560 479 570
715 560 173 542 128
716 466 173 560 174
717 570 560 127 174
718 560 542 423 128
719 559 466 561 341
720 79 358 505 531
721 541 423 560 542
722 558 478 570 479
723 558 274 469 285
724 541 560 423 422
725 466 560 561 174
726 543 580 545 567
727 558 570 478 469
728 542 173 567 172
729 545 542 129 424
730 540 545 542 567
731 466 567 542 173
732 466 561 66 174
733 559 479 560 541
734 540 559 466 542
735 469 343 275 274
736 532 534 404 200
737 496 551 330 535
738 534 297 200 532
739 538 168 484 528
740 523 526 525 528
741 484 528 428 488
742 484 528 168 133
743 487 167 166 134
744 527 538 335 483
745 527 488 528 484
746 526 132 427 131
747 489 364 334 363
748 527 538 484 528
749 480 481 484 429
750 394 210 209 288
751 523 528 427 526
752 528 428 488 427
753 484 528 133 428
754 528 132 526 169
755 451 514 185 445
756 25 493 485 497
757 10 185 90 451
758 473 492 49 310
759 57 38 453 35
760 1 26 314 382
761 312 513 314 21
762 513 249 382 318
763 497 20 19 449
764 10 451 11 29
765 514 185 183 16
766 10 16 185 29
767 452 120 31 187
768 445 514 185 150
769 3 381 4 24
770 1 3 26 382
771 215 214 389 283
772 215 389 388 282
773 204 203 400 294
774 481 204 293 399
775 193 192 411 305
776 193 304 411 410
777 510 186 180 182
778 463 507 467 508
779 384 180 59 377
780 39 58 317 42
781 464 452 120 416
782 461 433 432 137
783 468 447 446 37
784 240 327 259 239
785 240 326 258 327
786 229 338 270 228
787 229 337 269 338
788 324 325 256 242
789 324 243 256 255
790 578 426 425 130
791 335 231 336 267
792 335 266 334 232
793 361 76 164 75
794 508 346 220 278
795 346 221 278 277
796 203 202 401 295
797 509 572 577 573
798 533 536 139 434
799 530 299 198 529
800 259 328 239 327
801 579 289 543 544
802 503 161 505 531
803 394 287 288 539
804 270 339 228 338
805 492 385 279 347
806 488 427 428 398
807 317 310 42 48
808 473 57 311 49
809 49 310 41 311
810 519 277 282 276
811 214 283 390 389
812 215 389 282 283
813 203 401 400 294
814 474 204 400 294
815 294 295 474 264
816 135 431 477 482
817 503 505 533 506
818 192 305 412 411
819 305 411 304 585
820 495 445 449 415
821 514 451 449 445
822 500 149 150 445
823 445 91 149 150
824 239 260 238 328
825 228 271 227 339
826 503 504 506 530
827 505 504 531 328
828 325 241 326 257
829 576 354 325 324
830 484 168 167 133
831 336 337 268 230
832 538 365 336 335
833 551 359 360 330
834 535 261 329 330
835 496 163 551 536
836 533 162 161 139
837 551 77 163 496
838 478 479 421 570
839 542 173 172 128
840 554 577 509 572
841 67 567 68 369
842 172 67 567 68
843 508 347 346 376
844 39 317 385 219
845 317 219 279 385
846 213 285 212 391
847 202 296 201 402
848 191 307 190 413
849 513 25 512 24
850 513 249 318 250
851 312 8 313 22
852 312 21 8 22
853 532 535 533 536
854 530 532 405 298
855 240 259 327 258
856 260 238 329 261
857 503 160 531 518
858 539 287 541 394
859 229 270 338 269
860 271 227 340 272
861 65 561 66 371
862 567 370 340 369
863 126 127 422 114
864 126 421 115 114
865 556 126 421 125
866 461 137 138 433
867 461 136 137 432
868 137 138 433 103
869 137 432 104 103
870 149 148 92 444
871 148 93 443 147
872 555 153 148 147
873 468 446 447 416
874 464 187 452 56
875 468 50 37 446
876 473 316 280 311
877 57 49 40 311
878 463 51 50 54
879 18 27 14 184
880 499 18 183 184
881 18 15 17 183
882 152 498 88 546
883 512 23 18 27
884 497 499 18 17
885 184 27 2 383
886 27 383 23 5
887 463 54 52 51
888 447 36 51 56
889 447 464 463 416
890 417 416 464 119
891 523 488 291 398
892 505 329 506 328
893 427 426 131 109
894 526 131 427 426
895 553 326 571 356
896 438 437 142 98
897 554 142 438 437
898 497 499 498 512
899 449 19 12 20
900 449 11 20 12
901 29 20 451 11
902 514 29 16 17
903 449 12 19 448
904 472 178 557 177
905 472 123 177 124
906 516 520 283 390
907 455 376 61 179
908 419 123 117 418
909 116 125 420 115
910 419 116 124 420
911 293 399 292 481
912 482 401 400 430
913 105 136 431 104
914 430 105 135 431
915 482 429 134 106
916 568 146 145 155
917 563 254 305 564
918 529 504 550 518
919 563 255 304 254
920 441 145 95 440
921 94 147 442 93
922 566 253 306 252
923 441 94 146 442
924 285 392 391 478
925 558 479 286 285
926 455 179 471 376
927 560 422 127 423
928 522 124 420 419
929 401 460 474 295
930 482 431 477 401
931 202 401 295 402
932 569 307 306 413
933 511 442 565 441
934 564 253 254 305
935 511 146 442 441
936 191 412 306 413
937 526 131 170 169
938 398 291 292 488
939 68 580 69 368
940 542 128 424 423
941 560 423 127 128
942 423 113 127 128
943 198 530 406 405
944 57 316 40 35
945 535 261 506 329
946 533 139 435 434
947 434 102 138 139
948 536 139 434 138
949 57 316 35 453
950 513 312 314 250
951 318 249 248 250
952 498 88 348 151
953 3 382 381 26
954 259 239 328 260
955 270 228 339 271
956 573 325 257 256
957 572 577 301 552
958 575 439 144 440
959 574 509 577 573
960 576 82 571 355
961 83 582 84 353
962 576 509 573 571
963 324 243 242 256
964 158 81 571 82
965 576 82 355 354
966 483 292 293 266
967 529 552 407 436
968 490 364 365 335
969 335 231 267 232
970 490 364 335 334
971 71 365 538 72
972 537 526 169 528
973 71 366 70 169
974 525 337 268 336
975 455 376 375 61
976 508 278 279 281
977 517 277 278 281
978 456 177 63 176
979 455 376 346 375
980 465 508 376 377
981 346 221 220 278
982 529 504 300 550
983 503 436 529 435
984 376 377 60 179
985 60 180 179 377
986 554 577 572 552
987 553 326 356 327
988 572 257 325 326
989 580 171 545 172
990 583 338 337 367
991 537 337 336 366
992 547 319 320 251
993 414 547 307 308
994 87 546 88 349
995 463 473 507 492
996 457 262 330 331
997 534 296 201 297
998 551 536 163 162
999 559 286 272 273
1000 558 341 342 273
1001 503 529 504 530
1002 466 341 370 371
1003 214 213 390 284
1004 192 191 412 306
1005 579 289 269 270
1006 527 267 291 292
1007 289 209 395 208
1008 550 300 258 259
1009 570 422 421 126
1010 574 438 509 439
1011 486 414 415 189
1012 493 513 250 312
1013 313 312 22 493
1014 494 22 28 19
1015 532 404 298 200
1016 529 530 435 406
1017 530 405 434 435
1018 505 162 161 533
1019 551 533 536 162
1020 535 298 261 297
1021 260 238 328 329
1022 261 330 237 329
1023 541 393 287 211
1024 503 529 530 435
1025 545 542 172 129
1026 580 172 567 68
1027 73 490 72 167
1028 559 287 272 286
1029 271 227 339 340
1030 272 341 226 340
1031 519 276 345 277
1032 519 276 282 283
1033 515 216 387 388
1034 515 282 281 216
1035 474 266 489 483
1036 490 484 134 480
1037 204 205 293 399
1038 563 304 305 254
1039 193 194 304 410
1040 490 483 334 335
1041 570 127 126 174
1042 560 173 128 127
1043 457 460 263 264
1044 457 361 331 360
1045 532 404 434 405
1046 461 163 138 137
1047 536 138 162 139
1048 498 149 152 151
1049 500 443 549 148
1050 569 549 547 500
1051 549 152 149 148
1052 499 149 151 150
1053 503 160 141 140
1054 518 141 160 159
1055 357 80 531 79
1056 167 490 487 73
1057 522 125 124 176
1058 171 68 580 69
1059 578 130 171 170
1060 32 53 33 182
1061 144 439 143 97
1062 144 439 96 440
1063 509 439 143 144
1064 577 408 438 409
1065 424 128 129 112
1066 575 144 157 156
1067 473 316 57 453
1068 133 428 132 108
1069 133 428 107 429
1070 528 428 132 133
1071 206 398 291 292
1072 73 490 487 363
1073 166 363 487 477
1074 490 167 484 168
1075 455 471 179 178
1076 465 467 471 508
1077 122 417 119 118
1078 470 118 418 417
1079 556 456 469 562
1080 516 283 519 282
1081 516 472 519 522
1082 454 455 345 375
1083 510 55 32 53
1084 33 182 53 181
1085 464 181 121 187
1086 52 34 181 187
1087 464 187 56 52
1088 186 30 384 59
1089 510 55 186 32
1090 510 55 46 384
1091 510 186 55 384
1092 465 181 182 180
1093 476 463 508 492
1094 55 30 45 384
1095 514 29 20 451
1096 185 445 90 451
1097 497 18 25 17
1098 485 25 512 513
1099 494 450 448 28
1100 49 310 48 41
1101 547 414 486 308
1102 150 445 90 185
1103 495 497 19 449
1104 476 377 510 378
1105 467 386 416 417
1106 523 427 397 426
1107 481 399 428 429
1108 481 484 428 488
1109 427 428 108 132
1110 133 107 134 429
1111 528 428 427 132
1112 134 490 487 167
1113 581 439 440 410
1114 438 439 97 143
1115 144 96 145 440
1116 207 397 290 291
1117 207 290 397 396
1118 408 302 196 195
1119 196 301 408 407
1120 576 582 575 157
1121 521 283 284 275
1122 420 421 115 125
1123 522 420 124 125
1124 478 391 420 421
1125 105 431 136 135
1126 482 474 401 477
1127 564 306 253 305
1128 442 443 93 147
1129 502 563 511 564
1130 569 413 442 443
1131 472 178 123 471
1132 478 421 392 391
1133 472 124 419 123
1134 212 285 392 391
1135 475 201 296 402
1136 490 538 168 484
1137 94 442 147 146
1138 498 485 546 486
1139 548 321 350 351
1140 190 414 413 307
1141 568 441 145 146
1142 67 466 66 173
1143 537 528 525 526
1144 539 395 394 424
1145 466 370 340 567
1146 580 368 339 338
1147 545 129 425 424
1148 423 424 112 128
1149 424 425 111 129
1150 490 538 335 365
1151 571 326 325 355
1152 530 405 435 406
1153 462 534 297 296
1154 531 327 357 328
1155 503 435 140 436
1156 434 435 101 139
1157 435 436 100 140
1158 473 54 50 49
1159 473 446 453 50
1160 57 316 311 40
1161 492 476 47 379
1162 37 446 50 38
1163 376 465 471 508
1164 251 319 248 250
1165 319 485 250 251
1166 546 153 350 87
1167 546 547 486 485
1168 319 251 247 320
1169 498 149 546 152
1170 489 333 363 334
1171 506 298 299 260
1172 535 330 262 261
1173 496 361 360 76
1174 551 162 163 77
1175 330 237 236 262
1176 261 330 262 237
1177 559 273 272 341
1178 561 372 371 65
1179 466 173 174 66
1180 341 226 225 273
1181 85 155 352 84
1182 74 166 363 73
1183 177 454 374 62
1184 480 477 487 489
1185 573 257 302 256
1186 325 241 257 242
1187 553 571 159 81
1188 584 256 303 255
1189 527 267 268 291
1190 483 266 334 335
1191 367 170 537 583
1192 528 132 169 168
1193 336 231 230 268
1194 492 48 310 317
1195 476 378 47 379
1196 476 46 378 510
1197 492 385 317 279
1198 379 44 378 47
1199 517 277 345 346
1200 378 44 45 46
1201 492 48 317 58
1202 553 571 81 356
1203 385 43 379 58
1204 379 58 492 385
1205 492 317 385 58
1206 473 311 310 49
1207 553 160 159 518
1208 529 530 299 504
1209 550 258 327 259
1210 405 298 299 530
1211 240 326 241 258
1212 580 68 567 369
1213 525 337 269 268
1214 578 171 130 545
1215 553 554 159 571
1216 229 337 230 269
1217 321 320 246 252
1218 321 245 253 246
1219 563 582 584 323
1220 486 251 308 250
1221 499 18 17 183
1222 501 321 548 351
1223 565 306 305 412
1224 546 153 87 152
1225 457 361 332 331
1226 332 489 362 458
1227 332 235 263 331
1228 332 264 234 333
1229 76 360 496 77
1230 458 362 332 361
1231 558 469 478 285
1232 496 163 164 76
1233 343 274 342 224
1234 343 275 223 344
1235 558 341 561 342
1236 556 420 522 125
1237 174 65 561 66
1238 562 343 372 373
1239 561 174 175 65
1240 512 27 184 383
1241 2 89 184 383
1242 512 383 380 23
1243 152 87 546 88
1244 383 348 89 184
1245 546 547 549 500
1246 553 550 326 327
1247 554 158 509 143
1248 254 244 323 255
1249 254 322 245 253
1250 321 245 322 253
1251 265 234 264 333
1252 265 474 266 489
1253 474 266 293 265
1254 332 234 264 235
1255 519 557 455 345
1256 470 389 388 418
1257 276 222 345 277
1258 276 223 275 344
1259 343 223 275 224
1260 210 394 287 288
1261 212 392 285 286
1262 479 211 392 393
1263 287 211 393 210
1264 559 560 542 541
1265 553 550 572 326
1266 536 434 433 138
1267 297 534 200 201
1268 462 475 461 534
1269 49 40 311 41
1270 298 200 404 199
1271 496 536 462 461
1272 506 329 261 260
1273 189 188 415 309
1274 509 143 158 157
1275 529 552 436 518
1276 581 440 411 410
1277 563 322 323 254
1278 582 353 324 323
1279 554 159 571 158
1280 538 366 365 71
1281 47 379 58 492
1282 492 476 54 47
1283 476 54 46 53
1284 219 279 347 220
1285 219 347 279 385
1286 463 465 508 467
1287 465 121 180 179
1288 465 377 179 180
1289 471 178 122 179
1290 508 376 377 347
1291 39 43 385 58
1292 579 269 338 270
1293 524 426 397 396
1294 290 396 289 524
1295 572 326 258 257
1296 552 437 408 407
1297 552 301 197 407
1298 319 251 248 247
1299 513 512 380 24
1300 567 67 172 173
1301 459 431 401 477
1302 263 457 331 262
1303 457 462 262 263
1304 457 361 458 332
1305 561 371 342 341
1306 273 342 274 225
1307 580 172 68 171
1308 272 341 273 226
1309 520 478 556 469
1310 515 470 517 516
1311 553 554 572 550
1312 520 420 390 419
1313 215 216 282 388
1314 474 264 265 294
1315 458 477 489 363
1316 492 48 54 49
1317 554 509 438 143
1318 563 254 323 255
1319 565 413 306 412
1320 493 309 313 250
1321 35 316 218 453
1322 190 414 308 189
1323 540 271 340 272
1324 556 420 125 421
1325 423 127 113 422
1326 539 544 288 395
1327 127 114 113 422
1328 494 22 313 7
1329 434 138 102 433
1330 532 533 434 536
1331 138 103 102 433
1332 499 183 150 184
1333 350 546 320 548
1334 451 20 449 11
1335 532 535 298 506
1336 532 297 200 298
1337 496 361 76 164
1338 574 581 410 439
1339 531 328 357 358
1340 553 327 356 357
1341 531 357 79 358
1342 558 559 479 560
1343 567 370 369 67
1344 553 531 160 518
1345 540 567 466 340
1346 580 339 368 369
1347 537 337 525 336
1348 580 68 369 368
1349 17 183 15 16
1350 497 150 499 514
1351 495 445 415 444
1352 110 130 426 131
1353 110 426 130 425
1354 524 426 396 425
1355 528 427 526 132
1356 545 129 171 130
1357 99 141 437 142
1358 99 437 141 436
1359 552 407 436 437
1360 577 552 408 301
1361 504 328 260 259
1362 546 548 350 153
1363 497 514 17 20
1364 486 308 414 189
1365 350 86 87 153
1366 496 461 164 163
1367 535 261 262 297
1368 496 77 163 76
1369 216 387 217 281
1370 560 174 173 127
1371 558 562 561 570
1372 561 371 372 342
1373 472 178 177 123
1374 520 284 478 469
1375 456 374 557 344
1376 456 374 344 373
1377 454 375 374 62
1378 470 388 417 418
1379 465 179 377 376
1380 471 122 121 179
1381 123 117 418 118
1382 458 166 363 362
1383 74 166 362 363
1384 481 484 429 428
1385 484 429 133 134
1386 484 428 133 429
1387 134 106 429 107
1388 537 527 538 336
1389 568 145 441 440
1390 301 302 196 408
1391 155 154 85 352
1392 507 280 217 281
1393 502 353 352 84
1394 575 144 145 440
1395 584 324 256 255
1396 573 256 324 325
1397 145 95 440 96
1398 81 553 80 159
1399 554 437 438 577
1400 582 83 156 157
1401 484 167 134 133
1402 537 169 526 170
1403 574 573 303 584
1404 481 399 429 400
1405 375 61 454 455
1406 472 519 522 557
1407 556 456 562 176
1408 465 181 53 182
1409 510 186 182 32
1410 378 47 44 46
1411 1 314 249 382
1412 312 8 21 9
1413 6 28 13 450
1414 8 7 313 22
1415 290 396 207 208
1416 579 543 289 270
1417 520 284 521 283
1418 301 407 196 197
1419 550 326 327 258
1420 529 530 406 198
1421 148 93 92 443
1422 507 279 280 281
1423 493 21 22 25
1424 454 345 455 557
1425 470 417 122 118
1426 470 418 118 123
1427 556 175 126 125
1428 569 414 307 413
1429 519 344 345 276
1430 514 451 185 29
1431 497 514 499 17
1432 492 379 385 347
1433 517 278 277 346
1434 508 515 471 517
1435 430 105 106 135
1436 481 474 204 400
1437 516 419 390 389
1438 475 402 431 432
1439 474 489 265 264
1440 137 104 432 136
1441 527 336 267 335
1442 502 352 353 323
1443 427 132 109 131
1444 39 317 58 385
1445 574 438 439 409
1446 573 303 584 256
1447 555 148 443 147
1448 574 410 409 439
1449 52 463 464 53
1450 454 177 178 62
1451 464 120 121 119
1452 515 281 387 216
1453 116 420 125 124
1454 467 416 464 417
1455 419 116 117 124
1456 557 345 344 374
1457 515 517 281 282
1458 562 570 175 561
1459 402 401 475 431
1460 133 107 428 108
1461 431 104 136 432
1462 292 398 205 206
1463 528 168 133 132
1464 520 390 420 391
1465 399 398 205 292
1466 502 155 511 568
1467 509 143 157 144
1468 549 153 152 148
1469 317 58 48 42
1470 144 96 439 97
1471 508 279 278 220
1472 441 94 95 146
1473 71 366 169 538
1474 575 156 145 144
1475 500 549 149 148
1476 194 409 195 303
1477 373 64 456 63
1478 521 276 275 344
1479 576 325 354 355
1480 570 126 127 422
1481 548 320 350 321
1482 137 136 461 164
1483 475 403 402 432
1484 1 314 26 9
1485 457 460 462 263
1486 468 467 507 386
1487 501 322 321 351
1488 190 308 414 307
1489 464 417 121 467
1490 537 538 528 169
1491 537 527 528 538
1492 541 423 393 422
1493 479 392 422 393
1494 452 56 187 31
1495 559 340 341 272
1496 570 174 126 175
1497 479 392 421 422
1498 126 421 114 422
1499 562 342 561 372
1500 521 275 469 343
1501 250 319 248 318
1502 497 512 498 485
1503 513 24 381 26
1504 543 339 271 270
1505 545 130 425 129
1506 543 338 339 270
1507 540 272 287 271
1508 454 374 375 345
1509 126 115 421 125
1510 122 417 121 119
1511 520 391 478 284
1512 493 415 309 486
1513 494 448 450 415
1514 546 547 548 549
1515 532 433 434 404
1516 438 97 98 143
1517 534 433 404 403
1518 136 459 431 461
1519 202 296 402 295
1520 494 22 493 313
1521 200 534 404 403
1522 6 315 7 28
1523 474 401 295 294
1524 461 136 432 431
1525 312 22 493 21
1526 458 361 496 164
1527 494 7 28 22
1528 461 534 432 433
1529 503 140 141 436
1530 551 329 359 330
1531 506 260 261 298
1532 481 399 488 428
1533 137 432 103 433
1534 565 566 564 306
1535 512 24 25 23
1536 321 253 252 246
1537 514 185 16 29
1538 523 397 427 398
1539 537 583 170 526
1540 549 148 555 153
1541 449 495 448 19
1542 18 15 183 184
1543 513 25 24 21
1544 495 499 150 500
1545 500 444 414 443
1546 555 442 147 443
1547 54 476 463 53
1548 473 218 386 507
1549 503 505 161 533
1550 415 486 189 309
1551 493 19 25 22
1552 34 187 56 31
1553 517 277 281 282
1554 542 128 172 129
1555 457 496 361 360
1556 494 450 188 415
1557 585 581 411 304
1558 573 256 302 303
1559 503 518 436 141
1560 524 579 525 526
1561 471 123 122 178
1562 524 579 289 290
1563 544 395 425 396
1564 366 170 70 169
1565 492 54 48 47
1566 525 290 268 269
1567 525 268 290 291
1568 398 397 206 291
1569 110 426 109 131
1570 578 426 130 131
1571 542 424 128 129
1572 578 130 170 131
1573 208 290 396 289
1574 515 417 388 387
1575 576 573 324 325
1576 464 51 56 447
1577 186 30 55 384
1578 33 52 34 181
1579 576 573 584 324
1580 576 575 584 573
1581 483 266 335 267
1582 398 488 292 399
1583 10 185 451 29
1584 503 435 533 140
1585 492 476 379 347
1586 530 299 504 506
1587 529 406 436 407
1588 572 258 301 257
1589 572 302 257 301
1590 463 52 464 51
1591 302 409 408 577
1592 510 46 378 384
1593 99 437 98 142
1594 518 141 142 437
1595 447 51 36 37
1596 55 45 46 384
1597 454 177 557 178
1598 473 311 57 316
1599 473 218 453 386
1600 533 435 139 140
1601 518 142 141 159
1602 310 41 42 48
1603 529 300 197 552
1604 50 453 38 446
1605 576 509 157 575
1606 553 572 571 326
1607 576 582 157 83
1608 521 522 519 557
1609 452 31 36 56
1610 554 142 143 438
1611 576 582 83 354
1612 554 159 158 142
1613 464 52 181 187
1614 452 447 56 36
1615 464 121 120 187
1616 495 444 415 414
1617 492 279 508 347
1618 416 464 463 467
1619 486 189 309 308
1620 19 448 13 28
1621 12 13 19 448
1622 445 91 150 90
1623 419 123 124 117
1624 469 284 274 275
1625 493 415 448 494
1626 6 28 450 315
1627 513 493 485 25
1628 494 188 309 415
1629 514 183 17 16
1630 191 307 413 306
1631 472 419 470 123
1632 494 188 450 315
1633 188 6 450 315
1634 492 48 58 47
1635 464 51 52 56
1636 581 584 303 304
1637 512 348 498 485
1638 186 30 32 55
1639 218 280 507 473
1640 465 180 121 181
1641 507 387 281 217
1642 463 473 492 54
1643 463 54 53 52
1644 510 46 55 53
1645 576 571 325 355
1646 463 51 447 468
1647 52 56 34 187
1648 569 549 555 548
1649 499 183 514 150
1650 495 486 485 498
1651 350 86 153 351
1652 502 582 353 84
1653 335 266 232 267
1654 254 245 322 244
1655 337 268 230 269
1656 427 108 109 132
1657 505 79 161 78
1658 458 361 75 362
1659 515 282 216 388
1660 330 331 262 236
1661 343 274 224 275
1662 515 388 516 282
1663 527 268 267 336
1664 569 306 565 413
1665 522 177 176 124
1666 540 543 545 567
1667 562 372 64 373
1668 543 270 288 289
1669 521 275 343 344
1670 130 425 129 111
1671 537 583 337 367
1672 584 323 324 255
1673 585 411 440 441
1674 156 83 582 84
1675 568 156 155 145
1676 477 264 458 489
1677 351 502 352 154
1678 354 83 576 82
1679 538 366 336 365
1680 170 537 366 367
1681 495 493 415 448
1682 364 73 490 72
1683 553 531 327 357
1684 18 14 15 184
1685 488 428 399 398
1686 74 362 166 165
1687 167 484 134 490
1688 523 290 524 397
1689 515 282 516 517
1690 467 417 387 386
1691 461 491 136 459
1692 376 60 61 179
1693 470 471 123 122
1694 516 389 282 388
1695 557 454 374 177
1696 417 467 471 121
1697 456 373 63 374
1698 380 512 485 348
1699 564 254 253 322
1700 497 514 20 449
1701 554 143 142 158
1702 324 243 255 323
1703 502 501 154 351
1704 565 441 442 412
1705 254 323 244 322
1706 538 168 169 71
1707 24 513 381 380
1708 470 516 389 419
1709 537 538 366 336
1710 493 513 312 21
1711 494 493 415 309
1712 460 458 459 477
1713 489 333 334 233
1714 521 519 344 557
1715 276 345 222 344
1716 521 344 456 557
1717 455 345 375 346
1718 380 24 23 4
1719 2 27 5 383
1720 470 418 419 389
1721 21 513 314 26
1722 504 259 260 299
1723 530 533 532 506
1724 356 81 553 80
1725 565 413 412 442
1726 569 442 565 555
1727 78 358 505 79
1728 555 154 153 147
1729 444 148 92 443
1730 471 417 122 470
1731 550 301 258 300
1732 554 437 577 552
1733 543 288 270 271
1734 583 338 367 368
1735 70 170 367 69
1736 336 267 231 268
1737 366 169 538 537
1738 583 170 171 69
1739 490 72 365 364
1740 513 21 24 26
1741 381 24 380 4
1742 495 445 500 150
1743 265 233 234 333
1744 512 383 184 348
1745 348 184 151 89
1746 477 136 165 491
1747 493 313 312 250
1748 512 18 23 25
1749 3 26 381 24
1750 493 250 486 309
1751 503 530 533 435
1752 466 561 341 371
1753 533 536 162 139
1754 504 259 327 328
1755 578 524 426 526
1756 473 310 311 280
1757 505 329 328 358
1758 462 296 262 263
1759 238 329 261 237
1760 462 262 296 297
1761 346 221 277 345
1762 331 332 457 263
1763 545 172 171 129
1764 540 271 339 340
1765 515 387 467 417
1766 466 371 370 66
1767 544 395 424 425
1768 579 337 338 269
1769 227 340 272 226
1770 521 283 275 276
1771 556 125 176 175
1772 574 584 575 573
1773 569 548 547 549
1774 562 175 176 64
1775 342 224 274 225
1776 569 555 443 442
1777 482 106 134 135
1778 424 112 129 111
1779 470 389 516 388
1780 372 65 562 64
1781 553 518 550 531
1782 569 307 566 306
1783 320 246 252 247
1784 477 491 165 458
1785 85 86 351 154
1786 351 502 322 352
1787 462 461 536 534
1788 546 349 320 319
1789 511 564 585 565
1790 457 360 330 496
1791 349 350 546 320
1792 501 565 566 564
1793 574 302 577 409
1794 569 414 547 307
1795 499 184 150 151
1796 546 348 349 485
1797 351 153 154 86
1798 502 154 501 511
1799 512 151 348 184
1800 504 300 550 259
1801 263 332 457 264
1802 441 145 146 95
1803 502 501 564 511
1804 438 142 143 98
1805 538 528 169 168
1806 490 364 363 73
1807 579 269 289 290
1808 502 568 582 156
1809 537 337 366 367
1810 110 130 111 425
1811 136 135 431 477
1812 370 67 466 66
1813 583 69 367 170
1814 490 72 167 168
1815 523 528 488 427
1816 526 132 131 169
1817 482 487 477 135
1818 502 323 563 322
1819 540 271 287 288
1820 558 273 342 274
1821 448 13 28 450
1822 478 469 284 285
1823 65 562 64 175
1824 494 313 315 7
1825 383 5 380 23
1826 562 342 372 343
1827 60 180 377 59
1828 276 222 223 344
1829 521 456 343 469
1830 380 23 5 4
1831 33 52 181 53
1832 378 384 46 45
1833 476 47 46 54
1834 547 485 319 251
1835 14 184 27 2
1836 379 44 47 43
1837 514 185 150 183
1838 186 180 59 384
1839 558 274 285 273
1840 470 516 419 472
1841 567 340 339 369
1842 179 376 465 471
1843 341 342 273 225
1844 492 310 280 279
1845 510 32 182 53
1846 377 510 384 180
1847 465 510 377 180
1848 379 43 47 58
1849 584 304 255 303
1850 503 529 436 518
1851 502 501 322 564
1852 348 498 546 88
1853 423 128 112 113
1854 192 305 306 412
1855 154 502 352 155
1856 501 154 351 153
1857 195 409 302 303
1858 326 257 241 258
1859 566 252 321 253
1860 566 252 320 321
1861 564 253 321 322
1862 203 294 295 401
1863 77 359 551 78
1864 537 525 527 336
1865 489 334 490 483
1866 480 134 429 484
1867 533 139 161 140
1868 554 437 518 142
1869 553 80 159 160
1870 534 433 403 432
1871 434 139 101 102
1872 74 165 75 362
1873 489 265 264 333
1874 483 267 292 266
1875 461 164 163 137
1876 498 546 500 486
1877 571 159 81 158
1878 300 529 197 198
1879 455 61 178 179
1880 516 517 472 470
1881 214 390 283 284
1882 251 320 252 247
1883 468 386 446 416
1884 169 537 366 170
1885 541 393 423 394
1886 497 25 19 20
1887 348 88 89 151
1888 466 561 371 66
1889 558 286 273 285
1890 210 287 394 393
1891 578 545 130 425
1892 482 430 135 431
1893 199 298 405 404
1894 456 343 373 344
1895 524 289 544 396
1896 582 354 324 353
1897 578 583 526 170
1898 212 286 211 392
1899 532 297 298 535
1900 529 436 406 435
1901 499 150 500 149
1902 475 201 402 403
1903 502 323 322 352
1904 402 295 475 401
1905 505 551 162 533
1906 505 162 78 161
1907 435 101 140 100
1908 141 436 140 100
1909 505 358 359 329
1910 576 575 582 584
1911 539 394 423 424
1912 504 300 259 299
1913 550 301 572 258
1914 217 280 507 218
1915 571 355 356 326
1916 325 242 257 256
1917 577 438 408 437
1918 435 139 140 101
1919 151 152 498 88
1920 554 509 577 438
