1 0 5.00E-02 0
2 0 0 0
3 0 3.75E-02 0
4 0 2.50E-02 0
5 0 1.25E-02 0
6 5.00E-02 5.00E-02 0
7 3.75E-02 5.00E-02 0
8 2.50E-02 5.00E-02 0
9 1.25E-02 5.00E-02 0
10 5.00E-02 0 0
11 5.00E-02 1.25E-02 0
12 5.00E-02 2.50E-02 0
13 5.00E-02 3.75E-02 0
14 1.25E-02 0 0
15 2.50E-02 0 0
16 3.75E-02 0 0
17 3.12E-02 1.05E-02 0
18 1.88E-02 1.04E-02 0
19 3.99E-02 3.10E-02 0
20 3.96E-02 1.87E-02 0
21 1.87E-02 3.94E-02 0
22 3.13E-02 3.95E-02 0
23 1.04E-02 1.87E-02 0
24 1.01E-02 3.10E-02 0
25 2.50E-02 2.49E-02 0
26 8.28E-03 4.15E-02 0
27 8.42E-03 8.42E-03 0
28 4.17E-02 4.15E-02 0
29 4.16E-02 8.42E-03 0
30 0 0 0.5
31 5.00E-02 0 0.5
32 1.25E-02 0 0.5
33 2.50E-02 0 0.5
34 3.75E-02 0 0.5
35 5.00E-02 5.00E-02 0.5
36 5.00E-02 1.25E-02 0.5
37 5.00E-02 2.50E-02 0.5
38 5.00E-02 3.75E-02 0.5
39 0 5.00E-02 0.5
40 3.75E-02 5.00E-02 0.5
41 2.50E-02 5.00E-02 0.5
42 1.25E-02 5.00E-02 0.5
43 0 3.75E-02 0.5
44 0 2.50E-02 0.5
45 0 1.25E-02 0.5
46 1.05E-02 1.88E-02 0.5
47 1.04E-02 3.12E-02 0.5
48 1.87E-02 3.96E-02 0.5
49 3.10E-02 3.99E-02 0.5
50 3.94E-02 3.13E-02 0.5
51 3.95E-02 1.87E-02 0.5
52 3.10E-02 1.01E-02 0.5
53 1.87E-02 1.04E-02 0.5
54 2.49E-02 2.50E-02 0.5
55 8.42E-03 8.42E-03 0.5
56 4.15E-02 8.28E-03 0.5
57 4.15E-02 4.17E-02 0.5
58 8.42E-03 4.16E-02 0.5
59 0 0 0.48438
60 0 0 0.46875
61 0 0 0.45312
62 0 0 0.4375
63 0 0 0.42188
64 0 0 0.40625
65 0 0 0.39062
66 0 0 0.375
67 0 0 0.35938
68 0 0 0.34375
69 0 0 0.32812
70 0 0 0.3125
71 0 0 0.29688
72 0 0 0.28125
73 0 0 0.26562
74 0 0 0.25
75 0 0 0.23438
76 0 0 0.21875
77 0 0 0.20312
78 0 0 0.1875
79 0 0 0.17188
80 0 0 0.15625
81 0 0 0.14062
82 0 0 0.125
83 0 0 0.10938
84 0 0 9.38E-02
85 0 0 7.81E-02
86 0 0 6.25E-02
87 0 0 4.69E-02
88 0 0 3.13E-02
89 0 0 1.56E-02
90 5.00E-02 0 1.56E-02
91 5.00E-02 0 3.13E-02
92 5.00E-02 0 4.69E-02
93 5.00E-02 0 6.25E-02
94 5.00E-02 0 7.81E-02
95 5.00E-02 0 9.38E-02
96 5.00E-02 0 0.10938
97 5.00E-02 0 0.125
98 5.00E-02 0 0.14062
99 5.00E-02 0 0.15625
100 5.00E-02 0 0.17188
101 5.00E-02 0 0.1875
102 5.00E-02 0 0.20312
103 5.00E-02 0 0.21875
104 5.00E-02 0 0.23438
105 5.00E-02 0 0.25
106 5.00E-02 0 0.26562
107 5.00E-02 0 0.28125
108 5.00E-02 0 0.29688
109 5.00E-02 0 0.3125
110 5.00E-02 0 0.32812
111 5.00E-02 0 0.34375
112 5.00E-02 0 0.35938
113 5.00E-02 0 0.375
114 5.00E-02 0 0.39062
115 5.00E-02 0 0.40625
116 5.00E-02 0 0.42188
117 5.00E-02 0 0.4375
118 5.00E-02 0 0.45312
119 5.00E-02 0 0.46875
120 5.00E-02 0 0.48438
121 3.38E-02 0 0.47607
122 3.32E-02 0 0.45869
123 3.31E-02 0 0.44261
124 3.30E-02 0 0.42687
125 3.30E-02 0 0.41122
126 3.30E-02 0 0.39559
127 3.30E-02 0 0.37996
128 3.30E-02 0 0.36434
129 3.30E-02 0 0.34871
130 3.30E-02 0 0.33309
131 3.30E-02 0 0.31746
132 3.30E-02 0 0.30184
133 3.30E-02 0 0.28621
134 3.30E-02 0 0.27059
135 3.30E-02 0 0.25496
136 3.30E-02 0 0.23934
137 3.30E-02 0 0.22371
138 3.30E-02 0 0.20809
139 3.30E-02 0 0.19246
140 3.30E-02 0 0.17684
141 3.30E-02 0 0.16121
142 3.30E-02 0 0.14559
143 3.30E-02 0 0.12996
144 3.30E-02 0 0.11434
145 3.30E-02 0 9.87E-02
146 3.30E-02 0 8.31E-02
147 3.30E-02 0 6.75E-02
148 3.32E-02 0 5.18E-02
149 3.34E-02 0 3.60E-02
150 3.42E-02 0 1.93E-02
151 1.67E-02 0 2.55E-02
152 1.66E-02 0 4.14E-02
153 1.65E-02 0 5.71E-02
154 1.65E-02 0 7.27E-02
155 1.65E-02 0 8.84E-02
156 1.65E-02 0 0.104
157 1.65E-02 0 0.11962
158 1.65E-02 0 0.13525
159 1.65E-02 0 0.15087
160 1.65E-02 0 0.1665
161 1.65E-02 0 0.18212
162 1.65E-02 0 0.19775
163 1.65E-02 0 0.21337
164 1.65E-02 0 0.229
165 1.65E-02 0 0.24462
166 1.65E-02 0 0.26025
167 1.65E-02 0 0.27587
168 1.65E-02 0 0.2915
169 1.65E-02 0 0.30712
170 1.65E-02 0 0.32275
171 1.65E-02 0 0.33837
172 1.65E-02 0 0.354
173 1.65E-02 0 0.36962
174 1.65E-02 0 0.38525
175 1.65E-02 0 0.40087
176 1.65E-02 0 0.41651
177 1.65E-02 0 0.43219
178 1.63E-02 0 0.44779
179 1.64E-02 0 0.46411
180 1.54E-02 0 0.48069
181 2.84E-02 0 0.48979
182 1.81E-02 0 0.49228
183 3.08E-02 0 7.52E-03
184 1.70E-02 0 9.82E-03
185 4.05E-02 0 8.51E-03
186 9.20E-03 0 0.49147
187 4.00E-02 0 0.49005
188 5.00E-02 5.00E-02 1.56E-02
189 5.00E-02 5.00E-02 3.13E-02
190 5.00E-02 5.00E-02 4.69E-02
191 5.00E-02 5.00E-02 6.25E-02
192 5.00E-02 5.00E-02 7.81E-02
193 5.00E-02 5.00E-02 9.38E-02
194 5.00E-02 5.00E-02 0.10938
195 5.00E-02 5.00E-02 0.125
196 5.00E-02 5.00E-02 0.14062
197 5.00E-02 5.00E-02 0.15625
198 5.00E-02 5.00E-02 0.17188
199 5.00E-02 5.00E-02 0.1875
200 5.00E-02 5.00E-02 0.20312
201 5.00E-02 5.00E-02 0.21875
202 5.00E-02 5.00E-02 0.23438
203 5.00E-02 5.00E-02 0.25
204 5.00E-02 5.00E-02 0.26562
205 5.00E-02 5.00E-02 0.28125
206 5.00E-02 5.00E-02 0.29688
207 5.00E-02 5.00E-02 0.3125
208 5.00E-02 5.00E-02 0.32812
209 5.00E-02 5.00E-02 0.34375
210 5.00E-02 5.00E-02 0.35938
211 5.00E-02 5.00E-02 0.375
212 5.00E-02 5.00E-02 0.39062
213 5.00E-02 5.00E-02 0.40625
214 5.00E-02 5.00E-02 0.42188
215 5.00E-02 5.00E-02 0.4375
216 5.00E-02 5.00E-02 0.45312
217 5.00E-02 5.00E-02 0.46875
218 5.00E-02 5.00E-02 0.48438
219 0 5.00E-02 0.48438
220 0 5.00E-02 0.46875
221 0 5.00E-02 0.45312
222 0 5.00E-02 0.4375
223 0 5.00E-02 0.42188
224 0 5.00E-02 0.40625
225 0 5.00E-02 0.39062
226 0 5.00E-02 0.375
227 0 5.00E-02 0.35938
228 0 5.00E-02 0.34375
229 0 5.00E-02 0.32812
230 0 5.00E-02 0.3125
231 0 5.00E-02 0.29688
232 0 5.00E-02 0.28125
233 0 5.00E-02 0.26562
234 0 5.00E-02 0.25
235 0 5.00E-02 0.23438
236 0 5.00E-02 0.21875
237 0 5.00E-02 0.20312
238 0 5.00E-02 0.1875
239 0 5.00E-02 0.17188
240 0 5.00E-02 0.15625
241 0 5.00E-02 0.14062
242 0 5.00E-02 0.125
243 0 5.00E-02 0.10938
244 0 5.00E-02 9.38E-02
245 0 5.00E-02 7.81E-02
246 0 5.00E-02 6.25E-02
247 0 5.00E-02 4.69E-02
248 0 5.00E-02 3.13E-02
249 0 5.00E-02 1.56E-02
250 1.82E-02 5.00E-02 2.20E-02
251 1.74E-02 5.00E-02 4.11E-02
252 1.70E-02 5.00E-02 5.73E-02
253 1.70E-02 5.00E-02 7.31E-02
254 1.70E-02 5.00E-02 8.88E-02
255 1.70E-02 5.00E-02 0.10441
256 1.70E-02 5.00E-02 0.12004
257 1.70E-02 5.00E-02 0.13566
258 1.70E-02 5.00E-02 0.15129
259 1.70E-02 5.00E-02 0.16691
260 1.70E-02 5.00E-02 0.18254
261 1.70E-02 5.00E-02 0.19816
262 1.70E-02 5.00E-02 0.21379
263 1.70E-02 5.00E-02 0.22941
264 1.70E-02 5.00E-02 0.24504
265 1.70E-02 5.00E-02 0.26066
266 1.70E-02 5.00E-02 0.27629
267 1.70E-02 5.00E-02 0.29191
268 1.70E-02 5.00E-02 0.30754
269 1.70E-02 5.00E-02 0.32316
270 1.70E-02 5.00E-02 0.33879
271 1.70E-02 5.00E-02 0.35441
272 1.70E-02 5.00E-02 0.37004
273 1.70E-02 5.00E-02 0.38566
274 1.70E-02 5.00E-02 0.40129
275 1.69E-02 5.00E-02 0.41693
276 1.68E-02 5.00E-02 0.43264
277 1.73E-02 5.00E-02 0.44844
278 1.35E-02 5.00E-02 0.46094
279 1.47E-02 5.00E-02 0.47647
280 3.40E-02 5.00E-02 0.48046
281 3.04E-02 5.00E-02 0.46172
282 3.32E-02 5.00E-02 0.44358
283 3.35E-02 5.00E-02 0.42739
284 3.35E-02 5.00E-02 0.41165
285 3.35E-02 5.00E-02 0.39601
286 3.35E-02 5.00E-02 0.38038
287 3.35E-02 5.00E-02 0.36475
288 3.35E-02 5.00E-02 0.34913
289 3.35E-02 5.00E-02 0.3335
290 3.35E-02 5.00E-02 0.31788
291 3.35E-02 5.00E-02 0.30225
292 3.35E-02 5.00E-02 0.28663
293 3.35E-02 5.00E-02 0.271
294 3.35E-02 5.00E-02 0.25538
295 3.35E-02 5.00E-02 0.23975
296 3.35E-02 5.00E-02 0.22413
297 3.35E-02 5.00E-02 0.2085
298 3.35E-02 5.00E-02 0.19288
299 3.35E-02 5.00E-02 0.17725
300 3.35E-02 5.00E-02 0.16163
301 3.35E-02 5.00E-02 0.146
302 3.35E-02 5.00E-02 0.13038
303 3.35E-02 5.00E-02 0.11475
304 3.35E-02 5.00E-02 9.91E-02
305 3.35E-02 5.00E-02 8.35E-02
306 3.36E-02 5.00E-02 6.78E-02
307 3.38E-02 5.00E-02 5.21E-02
308 3.43E-02 5.00E-02 3.63E-02
309 3.75E-02 5.00E-02 2.09E-02
310 2.12E-02 5.00E-02 0.48981
311 3.19E-02 5.00E-02 0.49213
312 1.94E-02 5.00E-02 8.41E-03
313 2.98E-02 5.00E-02 1.01E-02
314 1.00E-02 5.00E-02 9.20E-03
315 4.10E-02 5.00E-02 9.33E-03
316 4.07E-02 5.00E-02 0.49135
317 9.68E-03 5.00E-02 0.49013
318 0 3.26E-02 2.15E-02
319 0 3.69E-02 3.80E-02
320 0 3.33E-02 5.20E-02
321 0 3.32E-02 6.74E-02
322 0 3.31E-02 8.31E-02
323 0 3.31E-02 9.87E-02
324 0 3.30E-02 0.11434
325 0 3.30E-02 0.12996
326 0 3.30E-02 0.14559
327 0 3.30E-02 0.16121
328 0 3.30E-02 0.17684
329 0 3.30E-02 0.19246
330 0 3.30E-02 0.20809
331 0 3.30E-02 0.22371
332 0 3.30E-02 0.23934
333 0 3.30E-02 0.25496
334 0 3.30E-02 0.27059
335 0 3.30E-02 0.28621
336 0 3.30E-02 0.30184
337 0 3.30E-02 0.31746
338 0 3.30E-02 0.33309
339 0 3.30E-02 0.34871
340 0 3.30E-02 0.36434
341 0 3.30E-02 0.37996
342 0 3.30E-02 0.39559
343 0 3.30E-02 0.41121
344 0 3.30E-02 0.42684
345 0 3.30E-02 0.44267
346 0 3.28E-02 0.45895
347 0 3.22E-02 0.47775
348 0 1.31E-02 2.12E-02
349 0 1.88E-02 3.82E-02
350 0 1.68E-02 5.65E-02
351 0 1.66E-02 7.26E-02
352 0 1.65E-02 8.83E-02
353 0 1.65E-02 0.10399
354 0 1.65E-02 0.11962
355 0 1.65E-02 0.13525
356 0 1.65E-02 0.15087
357 0 1.65E-02 0.1665
358 0 1.65E-02 0.18212
359 0 1.65E-02 0.19775
360 0 1.65E-02 0.21337
361 0 1.65E-02 0.229
362 0 1.65E-02 0.24462
363 0 1.65E-02 0.26025
364 0 1.65E-02 0.27587
365 0 1.65E-02 0.2915
366 0 1.65E-02 0.30712
367 0 1.65E-02 0.32275
368 0 1.65E-02 0.33837
369 0 1.65E-02 0.354
370 0 1.65E-02 0.36962
371 0 1.65E-02 0.38525
372 0 1.65E-02 0.40087
373 0 1.65E-02 0.4165
374 0 1.65E-02 0.43221
375 0 1.62E-02 0.44785
376 0 1.56E-02 0.46357
377 0 1.27E-02 0.47904
378 0 2.05E-02 0.48987
379 0 3.11E-02 0.49168
380 0 2.05E-02 1.01E-02
381 0 3.11E-02 8.19E-03
382 0 4.02E-02 9.05E-03
383 0 9.23E-03 9.37E-03
384 0 9.12E-03 0.49066
385 0 4.02E-02 0.49079
386 5.00E-02 3.50E-02 0.47631
387 5.00E-02 3.73E-02 0.46122
388 5.00E-02 3.34E-02 0.44791
389 5.00E-02 3.33E-02 0.43257
390 5.00E-02 3.31E-02 0.41693
391 5.00E-02 3.31E-02 0.40129
392 5.00E-02 3.30E-02 0.38566
393 5.00E-02 3.30E-02 0.37004
394 5.00E-02 3.30E-02 0.35441
395 5.00E-02 3.30E-02 0.33879
396 5.00E-02 3.30E-02 0.32316
397 5.00E-02 3.30E-02 0.30754
398 5.00E-02 3.30E-02 0.29191
399 5.00E-02 3.30E-02 0.27629
400 5.00E-02 3.30E-02 0.26066
401 5.00E-02 3.30E-02 0.24504
402 5.00E-02 3.30E-02 0.22941
403 5.00E-02 3.30E-02 0.21379
404 5.00E-02 3.30E-02 0.19816
405 5.00E-02 3.30E-02 0.18254
406 5.00E-02 3.30E-02 0.16691
407 5.00E-02 3.30E-02 0.15129
408 5.00E-02 3.30E-02 0.13566
409 5.00E-02 3.30E-02 0.12004
410 5.00E-02 3.30E-02 0.10441
411 5.00E-02 3.30E-02 8.88E-02
412 5.00E-02 3.30E-02 7.32E-02
413 5.00E-02 3.30E-02 5.73E-02
414 5.00E-02 3.28E-02 4.10E-02
415 5.00E-02 3.22E-02 2.22E-02
416 5.00E-02 1.60E-02 0.48043
417 5.00E-02 1.97E-02 0.46164
418 5.00E-02 1.70E-02 0.44346
419 5.00E-02 1.66E-02 0.42736
420 5.00E-02 1.65E-02 0.41165
421 5.00E-02 1.65E-02 0.39601
422 5.00E-02 1.65E-02 0.38038
423 5.00E-02 1.65E-02 0.36475
424 5.00E-02 1.65E-02 0.34913
425 5.00E-02 1.65E-02 0.3335
426 5.00E-02 1.65E-02 0.31788
427 5.00E-02 1.65E-02 0.30225
428 5.00E-02 1.65E-02 0.28663
429 5.00E-02 1.65E-02 0.271
430 5.00E-02 1.65E-02 0.25538
431 5.00E-02 1.65E-02 0.23975
432 5.00E-02 1.65E-02 0.22413
433 5.00E-02 1.65E-02 0.2085
434 5.00E-02 1.65E-02 0.19288
435 5.00E-02 1.65E-02 0.17725
436 5.00E-02 1.65E-02 0.16163
437 5.00E-02 1.65E-02 0.146
438 5.00E-02 1.65E-02 0.13038
439 5.00E-02 1.65E-02 0.11475
440 5.00E-02 1.65E-02 9.91E-02
441 5.00E-02 1.65E-02 8.35E-02
442 5.00E-02 1.65E-02 6.78E-02
443 5.00E-02 1.62E-02 5.22E-02
444 5.00E-02 1.56E-02 3.64E-02
445 5.00E-02 1.25E-02 2.10E-02
446 5.00E-02 2.87E-02 0.48978
447 5.00E-02 1.81E-02 0.49212
448 5.00E-02 3.09E-02 8.40E-03
449 5.00E-02 2.03E-02 1.02E-02
450 5.00E-02 4.02E-02 9.21E-03
451 5.00E-02 9.06E-03 9.36E-03
452 5.00E-02 9.28E-03 0.49135
453 5.00E-02 4.02E-02 0.49009
454 5.37E-03 1.28E-02 0.43837
455 1.54E-02 1.70E-02 0.44802
456 1.66E-02 1.66E-02 0.41665
457 1.19E-02 3.23E-02 0.22733
458 1.20E-02 1.90E-02 0.23999
459 2.50E-02 2.84E-02 0.23326
460 2.46E-02 4.12E-02 0.23571
461 2.77E-02 1.67E-02 0.22041
462 2.23E-02 3.33E-02 0.21709
463 3.17E-02 1.78E-02 0.48564
464 3.88E-02 8.13E-03 0.48561
465 2.24E-02 1.27E-02 0.48131
466 1.66E-02 1.66E-02 0.36976
467 3.30E-02 2.40E-02 0.46713
468 4.25E-02 2.54E-02 0.48511
469 2.23E-02 3.33E-02 0.4046
470 3.89E-02 2.24E-02 0.44787
471 2.72E-02 1.71E-02 0.45578
472 2.77E-02 1.67E-02 0.43929
473 3.79E-02 3.82E-02 0.48936
474 2.93E-02 3.75E-02 0.26051
475 3.42E-02 3.37E-02 0.22438
476 1.32E-02 2.32E-02 0.48715
477 2.49E-02 2.35E-02 0.25014
478 3.33E-02 3.31E-02 0.39939
479 3.39E-02 3.28E-02 0.38308
480 2.65E-02 2.09E-02 0.26719
481 3.62E-02 3.32E-02 0.27013
482 3.77E-02 1.99E-02 0.26046
483 2.23E-02 3.33E-02 0.27959
484 2.77E-02 1.67E-02 0.28291
485 1.77E-02 3.33E-02 2.31E-02
486 2.85E-02 3.34E-02 3.27E-02
487 2.40E-02 9.17E-03 0.26532
488 3.33E-02 3.30E-02 0.29002
489 1.27E-02 2.88E-02 0.26024
490 1.66E-02 1.66E-02 0.27602
491 2.07E-02 1.25E-02 0.23949
492 1.76E-02 3.42E-02 0.48716
493 3.00E-02 3.67E-02 1.51E-02
494 3.92E-02 4.04E-02 1.09E-02
495 3.63E-02 2.42E-02 2.52E-02
496 1.66E-02 1.66E-02 0.21351
497 3.16E-02 1.77E-02 1.33E-02
498 2.22E-02 1.64E-02 2.90E-02
499 2.70E-02 7.71E-03 1.75E-02
500 3.38E-02 1.64E-02 3.61E-02
501 1.67E-02 2.20E-02 7.28E-02
502 1.66E-02 1.66E-02 8.85E-02
503 2.77E-02 1.67E-02 0.17354
504 2.23E-02 3.33E-02 0.17022
505 1.66E-02 1.66E-02 0.18226
506 2.23E-02 3.33E-02 0.18585
507 3.36E-02 3.41E-02 0.47679
508 1.63E-02 2.81E-02 0.4725
509 2.77E-02 1.67E-02 0.12665
510 1.29E-02 9.79E-03 0.49072
511 2.77E-02 1.67E-02 7.98E-02
512 1.61E-02 1.78E-02 1.37E-02
513 1.26E-02 3.78E-02 1.05E-02
514 3.68E-02 9.21E-03 8.97E-03
515 3.66E-02 3.55E-02 0.45661
516 3.34E-02 3.32E-02 0.43066
517 2.27E-02 3.37E-02 0.4517
518 2.77E-02 1.67E-02 0.1579
519 2.23E-02 3.33E-02 0.43595
520 3.33E-02 3.31E-02 0.41503
521 2.23E-02 3.33E-02 0.42024
522 2.77E-02 1.67E-02 0.42356
523 3.33E-02 3.30E-02 0.30563
524 3.33E-02 3.30E-02 0.32127
525 2.23E-02 3.33E-02 0.31085
526 2.77E-02 1.67E-02 0.31415
527 2.23E-02 3.33E-02 0.29523
528 2.77E-02 1.67E-02 0.29853
529 3.33E-02 3.30E-02 0.16501
530 3.33E-02 3.30E-02 0.18064
531 1.66E-02 1.66E-02 0.16664
532 3.40E-02 3.34E-02 0.19662
533 2.77E-02 1.67E-02 0.18915
534 3.33E-02 3.30E-02 0.21189
535 2.23E-02 3.33E-02 0.20147
536 2.77E-02 1.67E-02 0.20477
537 1.66E-02 1.66E-02 0.30725
538 1.66E-02 1.66E-02 0.29164
539 3.33E-02 3.30E-02 0.35251
540 2.23E-02 3.33E-02 0.35772
541 3.40E-02 3.31E-02 0.36851
542 2.77E-02 1.67E-02 0.36103
543 2.23E-02 3.33E-02 0.3421
544 3.33E-02 3.30E-02 0.33689
545 2.77E-02 1.67E-02 0.3454
546 1.68E-02 1.65E-02 4.13E-02
547 2.27E-02 3.31E-02 4.47E-02
548 1.67E-02 2.22E-02 5.68E-02
549 2.79E-02 1.50E-02 4.83E-02
550 2.23E-02 3.33E-02 0.1546
551 1.66E-02 1.66E-02 0.19789
552 3.39E-02 3.21E-02 0.14999
553 1.66E-02 1.66E-02 0.15101
554 2.77E-02 1.67E-02 0.14228
555 2.77E-02 1.66E-02 6.41E-02
556 2.77E-02 1.67E-02 0.40791
557 1.64E-02 1.70E-02 0.43236
558 2.23E-02 3.33E-02 0.38897
559 2.23E-02 3.33E-02 0.37335
560 2.77E-02 1.67E-02 0.37665
561 1.66E-02 1.66E-02 0.38539
562 1.66E-02 1.66E-02 0.40101
563 2.23E-02 3.33E-02 9.21E-02
564 2.23E-02 3.33E-02 7.64E-02
565 3.33E-02 2.75E-02 7.30E-02
566 2.24E-02 3.33E-02 6.07E-02
567 1.66E-02 1.66E-02 0.35414
568 2.77E-02 1.67E-02 9.54E-02
569 3.34E-02 2.76E-02 5.71E-02
570 2.77E-02 1.67E-02 0.39229
571 1.66E-02 1.66E-02 0.13539
572 2.23E-02 3.33E-02 0.13897
573 2.23E-02 3.33E-02 0.12335
574 3.33E-02 3.30E-02 0.11814
575 2.77E-02 1.67E-02 0.11103
576 1.66E-02 1.66E-02 0.11975
577 3.33E-02 3.30E-02 0.13377
578 2.77E-02 1.67E-02 0.32978
579 2.23E-02 3.33E-02 0.32646
580 1.66E-02 1.66E-02 0.33851
581 3.33E-02 3.30E-02 0.10252
582 1.66E-02 1.66E-02 0.10414
583 1.58E-02 1.68E-02 0.32351
584 2.23E-02 3.33E-02 0.10771
585 3.33E-02 3.31E-02 8.69E-02
