 1 0 0 0
 2 0 0 0.5
 3 0 0 0.25
 4 3.06E-17 0.25 0.5
 5 0 0.25 0
 6 1.53E-17 0.25 0.25
 7 1.53E-17 0.125 0.375
 8 7.65E-18 0.125 0.125
 9 1 0 0.5
 10 0.25 0 0.5
 11 0.5 0 0.5
 12 0.75 0 0.5
 13 1 0.25 0.5
 14 0.25 0.25 0.5
 15 0.5 0.25 0.5
 16 0.75 0.25 0.5
 17 0.875 0.125 0.5
 18 0.125 0.125 0.5
 19 1 0 0
 20 1.164824615 0 0.141412788
 21 1.164824615 0 0.358587212
 22 1 0.25 0
 23 1.164824615 0.25 0.358587212
 24 1.164824615 0.25 0.141412788
 25 1.188585716 0.125000001 0.250000001
 26 1.129219178 0.125 8.46E-02
 27 1.129219177 0.125 0.415366908
 28 0.75 0 0
 29 0.5 0 0
 30 0.25 0 0
 31 0.75 0.25 0
 32 0.5 0.25 0
 33 0.25 0.25 0
 34 0.125 0.125 0
 35 0.875 0.125 0
 36 0.922363663 0 0.250227848
 37 0.62689641 0 0.251594936
 38 0.34578112 0 0.250847132
 39 0.147142857 0 0.168186632
 40 0.148584795 0 0.333806753
 41 0.345168875 0.25 0.250899964
 42 0.62689641 0.25 0.248405064
 43 0.922363663 0.25 0.249772152
 44 0.148319489 0.25 0.166950322
 45 0.148697673 0.25 0.333570057
 46 0.594273627 0.124980696 0.249980703
