1 0.0000000000 0.1000000000 0.0000000000
2 0.0000000000 0.0000000000 0.0000000000
3 1.0000000000 0.1000000000 0.0000000000
4 0.9000000000 0.1000000000 0.0000000000
5 0.8000000000 0.1000000000 0.0000000000
6 0.7000000000 0.1000000000 0.0000000000
7 0.6000000000 0.1000000000 0.0000000000
8 0.5000000000 0.1000000000 0.0000000000
9 0.4000000000 0.1000000000 0.0000000000
10 0.3000000000 0.1000000000 0.0000000000
11 0.2000000000 0.1000000000 0.0000000000
12 0.1000000000 0.1000000000 0.0000000000
13 1.0000000000 0.0000000000 0.0000000000
14 0.1000000000 0.0000000000 0.0000000000
15 0.2000000000 0.0000000000 0.0000000000
16 0.3000000000 0.0000000000 0.0000000000
17 0.4000000000 0.0000000000 0.0000000000
18 0.5000000000 0.0000000000 0.0000000000
19 0.6000000000 0.0000000000 0.0000000000
20 0.7000000000 0.0000000000 0.0000000000
21 0.8000000000 0.0000000000 0.0000000000
22 0.9000000000 0.0000000000 0.0000000000
23 0.0500000000 0.0500000000 0.0000000000
24 0.9500000000 0.0500000000 0.0000000000
25 0.5500000000 0.0000000000 0.6500000000
26 0.3500000000 0.0000000000 0.5500000000
27 0.4683012702 0.0000000000 0.6549038106
28 0.3950961894 0.0000000000 0.6183012701
29 0.3500000000 0.1000000000 0.5500000000
30 0.5500000000 0.1000000000 0.6500000000
31 0.4683012702 0.1000000000 0.6549038106
32 0.3950961894 0.1000000000 0.6183012701
33 0.4292893207 0.0500000015 0.6414213557
34 0.4934685722 0.0500000003 0.6579789241
35 0.3775357171 0.0500000003 0.6000124963
36 0.4500000000 0.0000000000 0.3500000000
37 0.3450961894 0.0000000000 0.4683012702
38 0.3816987299 0.0000000000 0.3950961894
39 0.4500000000 0.1000000000 0.3500000000
40 0.3450961894 0.1000000000 0.4683012702
41 0.3816987299 0.1000000000 0.3950961894
42 0.3585786432 0.0500000015 0.4292893230
43 0.3420210759 0.0500000003 0.4934685727
44 0.3999875034 0.0500000003 0.3775357174
45 0.6500000000 0.0000000000 0.4500000000
46 0.5316987298 0.0000000000 0.3450961894
47 0.6049038106 0.0000000000 0.3816987299
48 0.6500000000 0.1000000000 0.4500000000
49 0.5316987298 0.1000000000 0.3450961894
50 0.6049038106 0.1000000000 0.3816987299
51 0.5707106770 0.0500000015 0.3585786432
52 0.6224642826 0.0500000003 0.3999875034
53 0.5065314273 0.0500000003 0.3420210759
54 0.6549038106 0.0000000000 0.5316987298
55 0.6183012701 0.0000000000 0.6049038106
56 0.6549038106 0.1000000000 0.5316987298
57 0.6183012701 0.1000000000 0.6049038106
58 0.6414213568 0.0500000015 0.5707106770
59 0.6000124966 0.0500000003 0.6224642826
60 0.6579789241 0.0500000003 0.5065314273
61 0.0000000000 0.0000000000 1.0000000000
62 1.0000000000 0.0000000000 1.0000000000
63 0.1000000000 0.0000000000 1.0000000000
64 0.2000000000 0.0000000000 1.0000000000
65 0.3000000000 0.0000000000 1.0000000000
66 0.4000000000 0.0000000000 1.0000000000
67 0.5000000000 0.0000000000 1.0000000000
68 0.6000000000 0.0000000000 1.0000000000
69 0.7000000000 0.0000000000 1.0000000000
70 0.8000000000 0.0000000000 1.0000000000
71 0.9000000000 0.0000000000 1.0000000000
72 1.0000000000 0.1000000000 1.0000000000
73 0.0000000000 0.1000000000 1.0000000000
74 0.9000000000 0.1000000000 1.0000000000
75 0.8000000000 0.1000000000 1.0000000000
76 0.7000000000 0.1000000000 1.0000000000
77 0.6000000000 0.1000000000 1.0000000000
78 0.5000000000 0.1000000000 1.0000000000
79 0.4000000000 0.1000000000 1.0000000000
80 0.3000000000 0.1000000000 1.0000000000
81 0.2000000000 0.1000000000 1.0000000000
82 0.1000000000 0.1000000000 1.0000000000
83 0.9500000000 0.0500000000 1.0000000000
84 0.0500000000 0.0500000000 1.0000000000
85 0.0000000000 0.0000000000 0.9000000000
86 0.0000000000 0.0000000000 0.8000000000
87 0.0000000000 0.0000000000 0.7000000000
88 0.0000000000 0.0000000000 0.6000000000
89 0.0000000000 0.0000000000 0.5000000000
90 0.0000000000 0.0000000000 0.4000000000
91 0.0000000000 0.0000000000 0.3000000000
92 0.0000000000 0.0000000000 0.2000000000
93 0.0000000000 0.0000000000 0.1000000000
94 1.0000000000 0.0000000000 0.1000000000
95 1.0000000000 0.0000000000 0.2000000000
96 1.0000000000 0.0000000000 0.3000000000
97 1.0000000000 0.0000000000 0.4000000000
98 1.0000000000 0.0000000000 0.5000000000
99 1.0000000000 0.0000000000 0.6000000000
100 1.0000000000 0.0000000000 0.7000000000
101 1.0000000000 0.0000000000 0.8000000000
102 1.0000000000 0.0000000000 0.9000000000
103 0.3763727175 0.0000000000 0.3127580061
104 0.3164594443 0.0000000000 0.4137307132
105 0.2973224789 0.0000000000 0.5137284235
106 0.3185927214 0.0000000000 0.6220969431
107 0.4139700245 0.0000000000 0.6839154717
108 0.5137284235 0.0000000000 0.7026775211
109 0.6236272825 0.0000000000 0.6872419939
110 0.6839154717 0.0000000000 0.5860299755
111 0.7026775211 0.0000000000 0.4862715765
112 0.6872419939 0.0000000000 0.3763727175
113 0.5868693052 0.0000000000 0.3160238465
114 0.4890092867 0.0000000000 0.2990604336
115 0.9227373252 0.0000000000 0.8557647529
116 0.9153128273 0.0000000000 0.7549848160
117 0.9173979931 0.0000000000 0.6517797180
118 0.9186984797 0.0000000000 0.5500000000
119 0.9193514456 0.0000000000 0.4472959532
120 0.9179848797 0.0000000000 0.3449690967
121 0.9155604814 0.0000000000 0.2434824602
122 0.9226398184 0.0000000000 0.1441323841
123 0.0774227624 0.0000000000 0.1441237171
124 0.0847367450 0.0000000000 0.2435092494
125 0.0827591044 0.0000000000 0.3479542786
126 0.0813015203 0.0000000000 0.4500000000
127 0.0806639278 0.0000000000 0.5526942338
128 0.0820227528 0.0000000000 0.6550260315
129 0.0844412948 0.0000000000 0.7565164061
130 0.0773601816 0.0000000000 0.8558676159
131 0.8562589752 0.0000000000 0.9222585148
132 0.7558444366 0.0000000000 0.9157451250
133 0.6537629173 0.0000000000 0.9179159394
134 0.5526388836 0.0000000000 0.9192434248
135 0.4512513012 0.0000000000 0.9193541513
136 0.3485580235 0.0000000000 0.9175134298
137 0.2444645171 0.0000000000 0.9154209416
138 0.1425323457 0.0000000000 0.9231982267
139 0.8560483232 0.0000000000 0.0776136005
140 0.7551826384 0.0000000000 0.0843651475
141 0.6523736901 0.0000000000 0.0828742136
142 0.5500000000 0.0000000000 0.0813015203
143 0.4488435825 0.0000000000 0.0803915058
144 0.3470478713 0.0000000000 0.0815586412
145 0.2441417596 0.0000000000 0.0839447403
146 0.1425552788 0.0000000000 0.0767353937
147 0.2598390348 0.0000000000 0.3349321032
148 0.4418524008 0.0000000000 0.2327424913
149 0.2384430040 0.0000000000 0.4545744904
150 0.2355946070 0.0000000000 0.5615237781
151 0.3371386192 0.0000000000 0.7403902423
152 0.4550480307 0.0000000000 0.7619571120
153 0.5615579654 0.0000000000 0.7644589524
154 0.7380432213 0.0000000000 0.6624259071
155 0.7619601795 0.0000000000 0.5451681550
156 0.7644589524 0.0000000000 0.4384420346
157 0.6633778158 0.0000000000 0.2613559693
158 0.5472625672 0.0000000000 0.2377420682
159 0.8189261833 0.0000000000 0.8181155632
160 0.8314224596 0.0000000000 0.7071560023
161 0.8384430571 0.0000000000 0.5996649121
162 0.8403148939 0.0000000000 0.4952305575
163 0.8389772492 0.0000000000 0.3908122903
164 0.8340201019 0.0000000000 0.2882238762
165 0.8208137598 0.0000000000 0.1781589108
166 0.1793802607 0.0000000000 0.1780229619
167 0.1688583423 0.0000000000 0.2909545386
168 0.1633690149 0.0000000000 0.3986352312
169 0.1600697025 0.0000000000 0.5044334189
170 0.1610461408 0.0000000000 0.6091727797
171 0.1659851532 0.0000000000 0.7117727694
172 0.1789340767 0.0000000000 0.8219258647
173 0.7105006974 0.0000000000 0.8336974172
174 0.6089271343 0.0000000000 0.8387734596
175 0.5045338355 0.0000000000 0.8401585650
176 0.4003350879 0.0000000000 0.8384430571
177 0.2920662167 0.0000000000 0.8322016136
178 0.7084461591 0.0000000000 0.1689005635
179 0.6028717986 0.0000000000 0.1644664234
180 0.4975310601 0.0000000000 0.1593953020
181 0.3929934454 0.0000000000 0.1594442684
182 0.2903206367 0.0000000000 0.1636627093
183 0.3323651209 0.0000000000 0.2389149608
184 0.2437166649 0.0000000000 0.6671289660
185 0.6705685064 0.0000000000 0.7571664592
186 0.7571540905 0.0000000000 0.3255918226
187 0.2446327958 0.0000000000 0.2398071486
188 0.2439427480 0.0000000000 0.7578172834
189 0.7563655922 0.0000000000 0.7545538518
190 0.7560572520 0.0000000000 0.2421827166
191 0.0639956082 0.0000000000 0.0641718222
192 0.9358864764 0.0000000000 0.0640834246
193 0.0639785055 0.0000000000 0.9358131685
194 0.9359362486 0.0000000000 0.9358730727
195 1.0000000000 0.1000000000 0.1000000000
196 1.0000000000 0.1000000000 0.2000000000
197 1.0000000000 0.1000000000 0.3000000000
198 1.0000000000 0.1000000000 0.4000000000
199 1.0000000000 0.1000000000 0.5000000000
200 1.0000000000 0.1000000000 0.6000000000
201 1.0000000000 0.1000000000 0.7000000000
202 1.0000000000 0.1000000000 0.8000000000
203 1.0000000000 0.1000000000 0.9000000000
204 0.0000000000 0.1000000000 0.9000000000
205 0.0000000000 0.1000000000 0.8000000000
206 0.0000000000 0.1000000000 0.7000000000
207 0.0000000000 0.1000000000 0.6000000000
208 0.0000000000 0.1000000000 0.5000000000
209 0.0000000000 0.1000000000 0.4000000000
210 0.0000000000 0.1000000000 0.3000000000
211 0.0000000000 0.1000000000 0.2000000000
212 0.0000000000 0.1000000000 0.1000000000
213 0.6236272825 0.1000000000 0.6872419939
214 0.6839154717 0.1000000000 0.5860299755
215 0.7026775211 0.1000000000 0.4862715765
216 0.6814111043 0.1000000000 0.3779006150
217 0.5860299755 0.1000000000 0.3160845283
218 0.4862715765 0.1000000000 0.2973224789
219 0.3763727175 0.1000000000 0.3127580061
220 0.3160845283 0.1000000000 0.4139700245
221 0.2973224789 0.1000000000 0.5137284235
222 0.3127580061 0.1000000000 0.6236272825
223 0.4131620527 0.1000000000 0.6839579546
224 0.5112154446 0.1000000000 0.7008091414
225 0.0772626748 0.1000000000 0.1442352471
226 0.0846871727 0.1000000000 0.2450151840
227 0.0826020069 0.1000000000 0.3482202820
228 0.0813015203 0.1000000000 0.4500000000
229 0.0806485544 0.1000000000 0.5527040468
230 0.0820151203 0.1000000000 0.6550309034
231 0.0844395186 0.1000000000 0.7565175398
232 0.0773601816 0.1000000000 0.8558676159
233 0.9227373252 0.1000000000 0.8557647529
234 0.9153128273 0.1000000000 0.7549848160
235 0.9173979931 0.1000000000 0.6517797180
236 0.9186984797 0.1000000000 0.5500000000
237 0.9193514456 0.1000000000 0.4472959532
238 0.9179848797 0.1000000000 0.3449690967
239 0.9155604814 0.1000000000 0.2434824602
240 0.9226398184 0.1000000000 0.1441323841
241 0.1439516768 0.1000000000 0.9223863995
242 0.2448173616 0.1000000000 0.9156348525
243 0.3476315362 0.1000000000 0.9171227533
244 0.4500000000 0.1000000000 0.9186984797
245 0.5514865532 0.1000000000 0.9194127586
246 0.6537950433 0.1000000000 0.9179152669
247 0.7566071415 0.1000000000 0.9155661998
248 0.8577251042 0.1000000000 0.9230729164
249 0.1437410248 0.1000000000 0.0777414852
250 0.2441555634 0.1000000000 0.0842548750
251 0.3462370827 0.1000000000 0.0820840606
252 0.4473611164 0.1000000000 0.0807565752
253 0.5487486988 0.1000000000 0.0806458487
254 0.6514419765 0.1000000000 0.0824865702
255 0.7555354829 0.1000000000 0.0845790584
256 0.8574676543 0.1000000000 0.0768017733
257 0.5592764823 0.1000000000 0.7666023505
258 0.7380144361 0.1000000000 0.6624578600
259 0.7619601795 0.1000000000 0.5451681550
260 0.7644589524 0.1000000000 0.4384420346
261 0.6628616660 0.1000000000 0.2596095757
262 0.5449519693 0.1000000000 0.2380428880
263 0.4384420346 0.1000000000 0.2355410476
264 0.2619567787 0.1000000000 0.3375740929
265 0.2380398205 0.1000000000 0.4548318450
266 0.2355410476 0.1000000000 0.5615579654
267 0.3366580217 0.1000000000 0.7386232320
268 0.4529255800 0.1000000000 0.7621487388
269 0.1810738167 0.1000000000 0.1818844368
270 0.1685775404 0.1000000000 0.2928439977
271 0.1615569429 0.1000000000 0.4003350879
272 0.1596851061 0.1000000000 0.5047694425
273 0.1610227508 0.1000000000 0.6091877097
274 0.1659798981 0.1000000000 0.7117761238
275 0.1791862402 0.1000000000 0.8218410892
276 0.8189261833 0.1000000000 0.8181155632
277 0.8314224596 0.1000000000 0.7071560023
278 0.8384430571 0.1000000000 0.5996649121
279 0.8403148939 0.1000000000 0.4952305575
280 0.8389772492 0.1000000000 0.3908122903
281 0.8340201019 0.1000000000 0.2882238762
282 0.8210669278 0.1000000000 0.1780734942
283 0.2915659112 0.1000000000 0.8310924314
284 0.3971595592 0.1000000000 0.8355153778
285 0.5030413743 0.1000000000 0.8402676523
286 0.6074000710 0.1000000000 0.8392282086
287 0.7105768402 0.1000000000 0.8337948699
288 0.2894993026 0.1000000000 0.1663025828
289 0.3910728657 0.1000000000 0.1612265404
290 0.4954661645 0.1000000000 0.1598414350
291 0.5996649121 0.1000000000 0.1615569429
292 0.7079339507 0.1000000000 0.1677982796
293 0.6703670097 0.1000000000 0.7573901294
294 0.7562977210 0.1000000000 0.3328618514
295 0.3294314936 0.1000000000 0.2428335408
296 0.2428459095 0.1000000000 0.6744081774
297 0.7563655922 0.1000000000 0.7545538518
298 0.7560572520 0.1000000000 0.2421827166
299 0.2436344078 0.1000000000 0.2454461482
300 0.2439427480 0.1000000000 0.7578172834
301 0.0640637514 0.1000000000 0.0641269273
302 0.9360214946 0.1000000000 0.0641868315
303 0.9360924859 0.1000000000 0.9357675339
304 0.0641135236 0.1000000000 0.9359165754
305 0.0000000000 0.0500000000 0.0500000000
306 0.0000000000 0.0500000000 0.9500000000
307 1.0000000000 0.0500000000 0.0500000000
308 1.0000000000 0.0500000000 0.9500000000
309 0.4398256540 0.0338228568 0.9679067731
310 0.3358705938 0.0507376976 0.9618728161
311 0.3332169354 0.0346198864 0.0302878395
312 0.5943107009 0.0338575020 0.9513534307
313 0.4080120921 0.0345804356 0.2198051959
314 0.4838644266 0.0500000305 0.2666356862
315 0.4462199211 0.0500000305 0.8004071712
316 0.3109989762 0.0356648676 0.6715604663
317 0.3588534594 0.0312500037 0.1363743991
318 0.3289482594 0.0341754407 0.2843981385
319 0.2468963116 0.0500000305 0.1541626453
320 0.7163137794 0.0351805948 0.1198361069
321 0.1343075037 0.0320940092 0.8834007978
322 0.2264149636 0.0500000305 0.8128182292
323 0.1071841419 0.0500000305 0.3834170699
324 0.0573278777 0.0670830384 0.3123422265
325 0.6944703460 0.0368644297 0.2387154847
326 0.6455197930 0.0648093522 0.3046984673
327 0.7912724614 0.0461407527 0.2847803235
328 0.1847104430 0.0500000305 0.7548086047
329 0.1892900765 0.0500000305 0.6790425777
330 0.0873948857 0.0516593345 0.1061186790
331 0.5913274288 0.0409348644 0.0469700918
332 0.9205709696 0.0630391613 0.9110722542
333 0.6294363141 0.0317374393 0.7368744612
334 0.5659080744 0.0351305865 0.8036795855
335 0.1997335851 0.0500000305 0.4469313324
336 0.6118222475 0.0337120295 0.1215495244
337 0.8384558558 0.0536214709 0.0258596987
338 0.2579319477 0.0318748206 0.4938404858
